datastore_v3:BeginTransaction datastore_v3:RunQuery datastore_v3:Commit datastore_v3:Put datastore_v3:Get datastore_v3:RunQuery datastore_v3:Delete datastore_v3:RunQuery datastore_v3:Next datastore_v3:RunQuery datastore_v3:Next datastore_v3:RunQuery datastore_v3:Next memcache:Set memcache:Get memcache:Delete Total 
7000 12 7 29 8 12 20 20 0 166 0 1387 0 4 1 2 8671
6000 11 8 24 6 8 16 19 0 178 0 1390 0 2 1 1 7678
6000 12 7 19 6 11 17 20 0 134 1 1255 1 2 2 2 7493
6000 10 5 23 7 8 22 22 0 136 1 1313 0 3 2 2 7564
8000 10 6 27 8 9 22 19 1 301 0 1348 1 2 2 2 9773
6000 10 6 25 6 11 18 19 0 105 1 1159 0 4 2 3 7381
8000 10 7 23 6 9 20 19 0 119 0 1150 0 2 1 2 9374
7000 11 6 25 8 10 21 26 0 144 0 1337 0 2 1 2 8607
6000 9 7 22 7 9 23 19 0 132 0 2256 0 2 14 2 8513
5000 9 6 23 9 12 18 20 0 154 0 1490 0 1 1 2 6746
6000 9 7 20 7 9 17 21 0 122 0 1146 1 3 1 2 7375
7000 10 11 23 7 9 22 21 0 130 0 1110 0 2 1 2 8362
6000 12 8 31 8 12 23 36 0 117 0 1521 0 2 2 2 7782
6000 15 5 22 7 11 29 19 1 144 0 1346 0 3 1 1 7612
5000 11 5 31 7 9 17 25 0 147 0 2477 0 3 1 1 7746
8000 9 5 19 7 11 17 22 0 129 0 2470 0 3 2 2 10700
8000 10 6 22 8 9 21 20 1 157 0 1566 0 3 1 2 9830
8000 11 9 21 7 8 29 18 1 131 1 1409 1 3 1 2 9655
7000 11 7 25 12 9 24 18 0 161 0 1290 0 3 2 2 8566
12000 13 7 20 7 12 26 21 0 155 0 1343 0 2 2 2 13619
5000 11 7 25 9 9 23 22 1 149 0 1185 0 2 2 3 6451
6000 12 10 21 7 10 21 20 0 119 0 2485 0 3 2 2 8719
8000 14 5 25 7 9 17 19 0 104 0 1184 0 2 1 1 9402
7000 9 5 25 10 10 17 19 0 133 0 1270 1 2 2 2 8507
8000 10 7 30 9 17 16 19 0 127 1 1458 1 2 1 2 9712
7000 10 5 22 7 9 19 18 0 109 0 1104 1 2 1 2 8311
6000 9 6 20 6 9 17 26 0 144 0 2443 0 2 1 2 8695
7000 10 6 19 8 10 20 19 0 123 0 2660 0 2 1 2 9891
5000 20 6 21 13 12 18 20 0 185 0 1470 0 2 2 2 6775
5000 11 5 24 9 13 21 21 0 138 0 1469 0 3 2 1 6718
6000 12 7 19 6 9 19 19 0 138 0 1460 14 3 2 2 7722
5000 12 5 24 8 14 39 24 0 158 0 1353 0 3 1 3 6658
7000 10 6 23 8 11 21 20 0 227 0 1354 0 3 2 2 8694
9000 11 7 22 9 10 23 21 0 137 0 1391 0 3 1 2 10651
6000 12 6 22 7 9 21 18 0 134 0 1161 0 2 2 2 7405
5000 10 6 29 6 9 21 22 0 144 0 1294 0 2 3 2 6558
7000 10 6 22 7 9 20 19 0 143 0 1321 0 2 1 2 8572
6000 10 6 24 7 10 16 23 0 132 0 1422 0 3 1 2 7668
6000 10 5 20 7 10 18 18 0 131 0 1385 0 2 1 2 7620
6000 10 10 21 6 8 26 23 0 269 0 1264 0 3 2 3 7657
6000 10 10 40 12 11 20 21 0 152 0 1381 0 2 1 2 7673
6000 10 6 22 12 9 25 19 0 147 1 1376 0 3 2 2 7637
8000 10 8 21 7 8 17 19 0 115 0 1204 0 3 2 1 9420
7000 9 6 21 6 10 23 20 0 112 0 1230 0 2 1 2 8452
5000 9 13 21 7 10 36 23 0 127 0 1324 1 3 2 2 6585
6000 11 8 21 8 9 27 23 0 133 0 1329 1 3 1 4 7580
5000 10 6 46 8 13 20 40 0 141 0 1309 0 3 2 2 6610
7000 13 8 25 7 13 17 20 0 131 0 1312 0 2 1 2 8554
9000 10 6 22 7 9 22 22 0 120 0 1177 0 2 1 2 10411
102000 10 6 22 6 10 16 24 0 165 0 1353 0 3 1 2 103619
9000 9 6 24 6 8 28 20 0 116 0 1329 1 2 1 2 10563
8000 11 7 21 8 19 20 20 1 134 0 1434 1 2 1 1 9681
7000 13 5 27 7 8 25 19 0 118 0 1137 0 3 1 2 8366
6000 13 7 25 14 8 27 20 0 164 0 1452 0 2 2 2 7747
6000 11 5 21 7 12 18 21 0 115 0 1152 0 3 1 1 7379
5000 10 10 19 6 10 30 19 0 127 0 1293 0 3 2 3 6544
6000 13 5 22 8 12 26 19 0 165 0 1414 0 2 1 2 7701
6000 17 6 18 8 10 22 21 0 130 0 1280 0 3 1 2 7525
5000 10 8 26 7 15 24 20 0 128 0 1353 0 2 1 1 6610
8000 10 11 32 6 10 38 25 0 121 0 1506 0 2 1 2 9776
9000 12 6 23 7 12 21 20 0 142 0 1108 0 2 1 2 10370
9000 10 6 20 7 11 26 26 0 139 0 1292 0 2 1 2 10546
9000 12 8 23 6 9 24 19 0 263 0 1305 0 3 1 2 10690
7000 10 7 24 7 9 22 21 0 111 0 1048 1 2 1 2 8279
6000 11 5 56 6 9 19 22 0 131 0 1127 0 3 2 5 7404
7000 10 7 23 7 8 17 20 0 241 0 1456 0 2 1 2 8809
8000 16 7 19 10 13 22 22 0 136 0 1397 0 2 1 3 9649
7000 10 7 22 11 9 24 18 0 185 0 1249 0 2 1 2 8552
6000 12 6 22 8 10 21 26 0 155 0 1642 1 2 1 2 7918
4000 13 6 22 8 9 22 24 0 157 0 1358 0 3 2 2 5636
6000 11 6 22 9 12 19 20 0 113 0 1371 0 2 1 1 7596
6000 12 7 23 8 32 20 21 1 121 1 1416 0 2 2 2 7675
6000 10 9 22 7 10 32 24 0 156 0 1317 0 2 1 1 7596
12000 10 9 25 5 10 34 24 1 121 0 1281 0 2 1 1 13532
6000 9 9 24 7 9 17 22 0 144 0 1253 1 2 2 3 7511
5000 10 5 26 7 14 18 19 0 182 1 1315 0 2 1 2 6616
5000 10 7 27 10 9 18 22 0 124 0 1285 0 3 2 2 6529
12000 11 5 21 6 11 16 20 0 147 0 1337 0 2 1 2 13583
7000 18 8 25 8 15 23 19 1 139 0 1300 1 2 1 2 8571
6000 10 6 27 6 9 16 18 0 143 0 2421 0 3 2 3 8676
6000 18 7 23 11 12 23 34 0 162 0 1371 0 3 2 2 7672
7000 9 6 21 8 10 19 20 0 121 0 1413 0 2 2 2 8636
6000 12 7 23 9 9 48 20 0 129 1 1340 0 2 2 2 7619
7000 21 6 29 8 12 30 22 1 145 0 1345 0 1 1 2 8630
7000 9 7 34 7 10 23 29 0 155 0 1307 0 3 1 2 8589
6000 13 7 23 6 9 23 20 0 154 0 1326 0 2 1 2 7598
8000 12 7 49 7 9 15 40 0 138 0 1365 0 3 1 2 9656
9000 11 5 23 9 11 17 23 0 174 0 1355 0 3 2 2 10642
6000 8 6 20 10 9 19 18 0 127 0 1102 1 2 1 3 7333
5000 11 13 23 6 8 39 23 0 119 0 1367 0 5 2 2 6625
6000 12 5 20 6 10 18 19 0 137 1 1350 0 3 1 3 7599
8000 11 6 36 8 9 20 38 0 140 1 1474 0 2 1 2 9750
10000 10 9 20 7 8 21 19 0 148 1 1287 0 2 1 2 11545
6000 10 5 29 7 10 19 21 1 115 0 1194 0 2 1 1 7417
7000 10 7 26 7 10 20 23 0 136 0 1366 0 2 1 2 8623
13000 10 5 24 7 8 20 18 1 136 0 1072 0 2 2 2 14321
7000 10 7 19 8 9 16 19 0 134 0 1152 0 2 1 2 8381
8000 10 5 20 6 13 17 23 0 154 0 1309 0 2 2 2 9577
6000 14 6 25 7 9 22 20 0 117 0 1183 0 2 2 2 7415
6000 12 6 24 8 13 17 22 0 145 0 1364 0 2 1 2 7626
8000 10 8 25 9 10 28 22 0 161 1 2546 0 3 2 2 10828
8000 10 16 24 9 11 36 21 0 123 0 1425 0 3 1 2 9694
8000 9 6 20 8 9 22 18 0 105 0 1169 0 3 2 5 9385
7000 13 7 24 12 10 17 19 0 167 0 1080 0 3 1 2 8368
9000 10 7 50 7 9 20 21 1 135 0 1268 0 3 2 2 10546
6000 10 6 24 8 10 21 18 0 123 0 1231 0 2 2 2 7472
5000 9 8 22 7 9 22 22 0 125 0 1341 0 2 2 2 6582
7000 10 8 23 7 9 24 19 0 112 0 1116 12 2 2 3 8353
6000 10 6 30 7 9 23 19 0 133 0 1319 1 3 2 2 7577
7000 9 11 26 8 9 17 22 0 152 0 1355 0 2 2 3 8622
8000 37 6 22 6 10 17 22 0 108 0 1068 0 2 1 2 9302
4000 13 9 21 8 10 17 22 1 144 1 1076 0 2 2 2 5338
7000 9 6 19 7 9 25 23 0 131 0 1313 0 3 1 2 8556
8000 9 6 20 8 13 18 25 1 118 1 1122 0 2 1 1 9347
6000 13 7 26 6 8 20 20 1 129 0 1347 0 5 2 2 7591
7000 10 6 27 7 11 21 25 1 162 0 1359 0 2 1 2 8644
8000 11 6 25 7 11 21 27 0 132 0 1380 0 2 1 1 9632
6000 11 8 29 8 10 22 18 0 126 0 1185 0 3 5 2 7432
7000 10 8 21 6 12 26 26 0 269 0 1430 0 3 1 2 8827
6000 11 6 28 8 12 16 20 0 158 0 1157 0 2 2 2 7426
5000 19 6 20 9 10 20 22 1 146 0 1498 1 2 1 1 6770
5000 11 5 18 7 9 20 45 0 152 0 2418 1 2 2 2 7698
10000 11 7 24 7 10 17 18 0 126 0 1385 0 2 2 2 11617
7000 12 7 23 8 10 16 21 0 133 0 1169 7 3 2 2 8419
10000 11 5 23 7 9 17 20 0 169 0 1410 0 3 1 1 11678
7000 13 16 21 6 9 15 19 0 141 0 1307 0 2 1 2 8564
6000 10 5 32 6 9 19 20 0 136 0 2484 1 3 2 1 8743
7000 11 8 26 8 9 21 19 0 142 0 1298 0 5 1 2 8555
6000 10 6 25 8 8 20 24 0 176 0 1326 0 3 2 2 7616
8000 10 7 24 7 9 23 19 0 155 0 1372 0 3 1 2 9647
6000 10 5 40 9 9 25 35 0 128 0 1367 0 4 2 2 7643
5000 9 4 21 10 9 14 19 0 116 0 1206 1 2 1 2 6423
5000 10 6 20 8 9 17 22 0 148 0 1305 0 2 1 2 6557
6000 10 7 22 8 10 22 26 0 146 0 1416 0 2 2 3 7675
7000 11 6 23 7 8 19 21 0 145 0 1319 0 3 1 2 8566
6000 11 7 21 7 10 29 23 0 118 0 1352 9 4 2 2 7601
6000 11 11 19 7 14 28 22 0 185 0 1289 0 2 1 2 7594
5000 18 9 28 9 12 28 22 0 141 0 1305 1 3 1 2 6583
8000 9 6 48 6 8 17 46 0 134 1 1396 0 2 2 2 9684
6000 9 7 24 7 10 23 24 0 117 0 1115 0 3 1 1 7349
8000 11 7 20 9 9 17 18 1 114 0 1153 0 3 2 3 9376
8000 9 5 20 6 9 16 19 1 132 0 1339 0 1 2 2 9566
7000 10 6 20 7 9 26 18 0 140 0 2575 0 2 1 1 9828
6000 13 7 22 8 12 20 20 0 150 0 1061 0 2 1 2 7332
7000 11 6 22 6 8 14 20 0 106 0 1101 0 2 1 2 8314
6000 10 8 23 9 9 16 20 0 252 0 1426 0 2 1 2 7779
6000 10 6 23 7 11 26 21 1 109 0 1233 0 2 1 2 7459
6000 9 7 23 10 14 16 20 0 137 0 1374 0 3 2 2 7618
5000 13 7 19 6 13 33 19 0 125 0 1287 10 3 1 2 6543
8000 12 6 22 8 12 24 23 1 139 0 2555 10 3 1 1 10828
6000 15 7 23 8 9 20 22 0 134 0 1381 0 2 1 1 7625
7000 10 5 21 6 9 18 19 0 110 1 1102 1 3 2 2 8314
5000 10 8 25 6 10 20 18 0 129 0 1178 0 2 2 2 6417
8000 12 6 29 7 9 18 21 0 133 0 1315 0 2 2 2 9560
6000 11 7 21 7 9 19 18 0 149 1 1171 1 2 1 2 7429
7000 13 6 23 7 10 19 22 0 137 0 1158 0 2 2 1 8410
5000 12 6 51 7 12 19 43 0 118 0 1234 0 2 1 2 6518
7000 10 11 20 7 9 26 18 0 121 0 1307 0 2 1 2 8541
12000 12 6 31 7 10 19 23 0 142 0 2355 0 2 2 2 14622
7000 11 6 25 6 9 20 23 0 162 1 1287 0 2 1 1 8562
6000 14 7 36 9 11 17 42 0 104 0 1189 0 2 2 2 7442
9000 10 5 25 6 8 21 21 0 111 0 1190 0 2 1 2 10411
6000 11 6 38 7 9 32 42 1 162 1 1371 0 2 2 1 7691
4000 9 17 20 9 10 33 19 0 155 1 1339 0 3 2 2 5626
7000 11 16 23 8 11 27 25 0 137 0 1320 0 2 2 2 8585
4000 10 6 30 8 12 20 29 0 139 0 1557 0 3 6 3 5832
6000 9 5 39 7 9 18 38 0 151 0 1400 0 2 1 2 7696
7000 11 6 23 7 9 23 25 0 125 0 1141 0 2 1 2 8388
6000 13 6 23 7 10 23 20 1 142 0 1215 0 3 3 2 7479
5000 10 6 22 7 10 26 21 0 163 0 1498 0 3 2 3 6777
6000 16 5 22 6 9 20 20 0 132 0 1208 0 2 1 2 7447
5000 11 6 20 9 15 21 22 0 131 0 1320 0 2 1 2 6568
5000 10 5 21 6 11 16 22 1 123 0 1108 0 3 2 3 6342
7000 12 6 26 8 10 25 20 0 158 0 1410 0 2 2 2 8687
6000 11 7 22 7 9 25 20 0 124 0 1386 0 2 1 5 7620
6000 9 5 22 6 9 23 18 0 105 0 1318 0 3 2 2 7524
9000 11 6 25 9 8 15 23 1 164 0 1362 1 3 2 2 10645
8000 9 6 34 8 9 22 46 0 168 0 1324 0 2 1 1 9632
7000 10 5 20 7 9 18 20 1 117 0 2433 0 2 1 1 9648
8000 12 6 23 7 9 29 19 0 131 0 1387 0 2 1 2 9642
4000 8 5 18 8 9 17 19 0 121 0 1415 0 3 1 2 5632
7000 13 5 20 7 10 20 20 0 155 0 1158 0 2 1 2 8418
8000 13 5 23 6 9 20 19 0 141 0 1276 0 2 2 3 9525
5000 9 6 18 9 16 26 20 0 266 0 1456 1 3 2 2 6845
6000 11 8 22 7 15 19 18 0 129 0 1347 0 2 1 2 7596
8000 9 5 19 6 8 18 20 0 116 0 1193 0 3 1 1 9413
7000 10 6 26 6 13 22 22 0 138 0 1418 0 2 1 1 8679
6000 10 6 20 9 10 19 20 0 115 0 1159 0 1 2 2 7384
8000 11 6 19 15 9 20 19 0 142 0 1331 1 3 2 2 9585
6000 10 15 23 8 12 25 20 1 157 1 1244 0 2 1 1 7530
6000 11 6 23 12 9 17 19 0 145 0 1377 0 2 2 2 7636
5000 26 6 23 8 9 25 24 0 165 0 1397 0 6 3 2 6708
6000 10 6 21 9 10 20 19 0 158 1 1173 1 2 3 2 7444
7000 10 5 23 6 9 21 23 0 130 0 1361 0 2 1 1 8605
6000 10 5 33 7 16 19 22 0 142 0 1335 0 3 1 2 7596
6000 13 8 28 8 14 39 21 0 140 0 1295 0 2 1 1 7579
6000 13 7 22 7 8 17 19 0 129 1 1300 0 2 1 1 7535
7000 15 12 36 6 11 39 49 0 165 0 1299 0 2 1 2 8643
7000 11 7 28 7 14 16 20 0 104 0 1156 0 6 1 2 8375
8000 11 6 23 6 10 26 29 0 139 0 1379 0 2 1 2 9642
8000 9 7 21 7 9 18 21 1 177 0 2813 1 2 1 1 11094
6000 9 6 18 7 9 25 24 0 140 0 1472 1 3 2 2 7722
7000 11 9 25 6 9 23 19 0 143 0 1472 0 2 1 2 8731
6000 8 163 24 7 11 18 41 0 144 0 1370 0 2 2 2 7793
6000 11 6 41 6 10 19 34 0 137 0 1461 16 3 2 2 7762
6000 11 6 20 7 10 30 22 0 253 0 1394 0 2 1 3 7769
7000 18 7 22 6 10 22 19 0 146 0 1462 0 3 1 2 8719
8000 10 10 23 7 13 26 21 0 111 0 1147 0 2 1 2 9374
7000 11 6 20 7 9 19 18 0 247 0 1332 0 2 2 3 8677
7000 10 6 29 9 15 23 20 0 129 0 1339 1 3 1 1 8592
5000 12 9 23 7 11 22 24 0 130 0 1151 1 2 1 2 6401
6000 12 8 21 11 9 31 18 0 131 0 1325 1 2 1 2 7573
6000 9 8 25 13 10 18 20 0 170 0 1374 1 2 1 1 7666
8000 11 5 23 6 16 21 21 0 118 0 1378 0 2 1 2 9610
6000 14 5 40 8 10 24 35 0 161 0 1298 0 3 2 2 7611
6000 9 5 23 7 14 20 25 0 128 0 1191 1 2 1 2 7441
7000 10 19 24 7 9 18 50 1 164 0 1386 0 3 1 2 8697
7000 12 6 20 9 10 27 23 0 163 0 1326 0 3 1 2 8611
6000 9 8 24 7 10 20 25 1 133 0 1341 0 2 1 1 7584
5000 9 8 22 7 9 37 22 1 171 0 1820 0 2 2 2 7116
9000 11 6 21 7 10 19 21 0 113 0 1142 0 4 1 2 10370
7000 10 5 21 8 11 22 22 0 155 0 1399 0 2 1 2 8669
8000 10 7 20 22 23 20 21 0 138 0 1537 0 2 1 1 9811
5000 13 5 23 12 45 26 34 0 148 0 1279 0 2 2 2 6597
7000 10 5 22 6 10 25 20 0 128 0 2703 0 2 1 1 9936
8000 10 8 21 7 9 25 21 0 136 0 1087 0 3 2 2 9339
8000 10 5 26 11 12 16 19 0 134 0 1312 0 2 1 2 9561
5000 12 5 19 7 9 21 17 0 132 0 1221 1 2 2 2 6452
6000 10 6 28 10 9 17 21 0 268 0 1375 0 2 2 2 7758
8000 17 4 20 6 8 20 18 0 143 0 1325 0 2 1 2 9573
9000 10 7 27 12 10 28 20 1 280 0 1301 1 2 3 2 10712
6000 10 7 25 7 9 21 22 0 149 0 2261 0 2 2 3 8525
4000 8 9 21 7 9 21 21 0 166 0 1381 0 3 2 2 5658
8000 12 5 76 6 17 24 21 1 170 0 1342 0 2 2 2 9692
6000 11 6 20 8 11 28 22 0 130 0 2549 1 2 2 2 8798
5000 9 7 25 14 14 26 20 0 127 0 1391 0 6 1 1 6655
6000 9 7 28 7 9 29 20 0 131 0 1340 1 3 2 3 7601
6000 10 5 24 7 10 20 22 1 137 0 1110 0 3 2 2 7367
7000 11 9 19 7 9 24 18 0 132 0 1400 0 2 2 3 8637
5000 11 7 25 7 9 19 18 0 131 0 1142 0 3 2 2 6391
9000 13 6 21 7 10 15 18 0 169 0 1121 0 2 1 2 10391
8000 10 5 27 7 13 22 20 0 146 0 1220 1 3 1 7 9484
7000 10 5 19 6 10 18 19 0 157 1 2388 1 2 2 2 9644
6000 11 5 19 9 8 18 25 1 138 0 1351 0 2 1 2 7591
6000 14 5 26 8 9 31 21 0 124 0 1379 1 2 2 1 7630
5000 11 6 20 6 9 16 18 0 259 0 1359 0 2 1 1 6709
7000 10 5 23 8 15 14 20 0 164 0 1398 1 7 1 1 8678
5000 12 8 24 7 9 20 21 0 152 0 1386 0 4 2 2 6661
8000 11 6 44 8 10 17 17 0 111 0 1153 0 2 1 1 9383
8000 12 7 39 12 9 20 38 0 143 0 1448 0 3 1 3 9744
7000 13 5 25 7 9 20 23 0 148 0 1275 0 3 1 1 8539
8000 12 8 24 7 10 22 20 0 256 0 1302 1 3 1 2 9671
4000 11 7 31 6 10 19 19 0 253 0 1356 0 3 2 2 5732
7000 9 6 19 9 13 16 21 0 179 0 1261 0 3 2 2 8547
5000 12 7 18 7 11 19 21 0 140 0 1357 0 2 2 2 6607
5000 16 13 23 8 13 22 25 0 139 0 1431 1 3 1 1 6707
5000 11 12 21 7 9 29 20 0 126 0 1454 0 2 1 2 6707
6000 11 8 26 6 12 18 19 1 142 0 1088 0 2 1 2 7339
7000 11 8 25 8 10 17 19 0 305 0 1721 0 3 2 3 9142
6000 10 5 19 6 9 18 20 0 272 0 1411 1 3 1 2 7782
6000 15 7 27 13 10 20 21 0 137 1 1426 0 3 2 2 7694
8000 9 7 22 7 9 17 22 0 148 0 2331 0 2 2 2 10592
7000 14 5 25 8 14 29 21 0 163 0 1318 1 2 1 2 8608
6000 15 11 17 7 10 24 23 1 149 0 1338 0 2 2 3 7606
7000 9 8 24 8 13 31 19 0 138 0 1376 0 3 1 1 8644
8000 11 8 24 7 12 19 19 1 127 0 2251 0 2 1 1 10494
7000 10 6 24 9 13 19 24 0 124 0 1201 7 2 1 2 8447
6000 13 9 27 8 11 19 21 0 139 0 1315 1 2 1 2 7576
10000 10 6 30 7 11 16 19 0 116 1 1355 0 2 1 1 11577
6000 14 9 21 6 9 29 18 0 130 0 1362 0 3 1 4 7607
9000 10 7 23 7 10 22 22 1 143 0 1260 0 3 2 2 10527
8000 11 6 28 7 9 19 24 0 148 0 1393 0 2 2 2 9661
8000 10 6 26 7 9 17 22 0 126 0 1262 0 2 1 2 9497
11000 12 7 23 7 9 22 23 1 105 1 1127 1 3 2 2 12349
12000 14 5 40 7 9 25 44 0 129 0 1378 0 2 2 2 13661
6000 10 6 23 7 8 26 21 1 110 0 1226 1 2 1 1 7454
10000 15 6 22 7 9 23 18 0 130 0 1373 0 3 2 2 11617
5000 11 5 22 9 8 22 21 0 132 0 1280 0 2 1 2 6518
5000 12 6 27 7 11 18 23 1 143 0 1374 1 2 1 2 6636
7000 10 5 19 8 16 17 22 0 130 0 1363 0 2 1 2 8606
5000 15 6 24 7 9 22 18 0 130 0 1234 0 2 1 1 6472
7000 11 6 23 6 8 19 25 0 142 0 1324 0 2 2 2 8581
5000 11 5 23 7 9 20 23 0 117 0 1332 0 2 1 2 6556
7000 10 5 26 7 9 16 22 0 108 0 1102 0 2 1 2 8311
8000 11 6 21 7 9 18 18 0 111 0 1150 0 3 1 2 9371
7000 13 7 26 7 10 20 19 1 140 0 1408 0 2 1 2 8664
5000 8 5 25 7 8 18 21 0 143 1 2240 0 2 1 2 7486
9000 10 5 26 11 14 22 19 0 127 0 1496 0 2 1 1 10746
6000 10 5 21 15 9 20 24 0 130 0 1377 0 2 2 2 7627
7000 10 11 20 15 12 36 21 0 153 1 1354 0 2 1 2 8651
6000 10 13 21 6 10 22 18 0 152 0 2477 0 2 2 2 8743
6000 11 7 23 7 9 21 17 0 181 0 1235 0 2 6 2 7531
8000 10 7 24 6 8 21 21 0 132 0 2506 0 2 1 1 10750
6000 11 6 24 6 10 15 21 0 135 0 1381 13 3 1 2 7630
5000 14 12 25 35 13 33 20 0 159 0 1341 0 2 1 2 6661
6000 9 7 21 7 9 21 24 0 129 0 1363 1 3 1 2 7605
7000 21 7 23 8 10 20 19 1 117 0 1368 0 3 2 2 8615
9000 10 6 30 11 12 21 19 0 266 1 1389 0 2 1 1 10771
8000 9 5 23 8 9 19 20 0 144 0 1329 0 2 1 2 9575
5000 9 5 40 7 10 19 28 0 187 0 1388 0 2 2 2 6700
6000 9 8 42 12 13 15 41 1 137 0 1337 1 2 1 2 7628
8000 9 5 42 8 13 22 41 0 158 0 1476 0 2 1 2 9784
8000 10 5 22 6 9 20 19 0 121 0 1535 0 3 1 2 9755
5000 11 5 25 7 10 26 20 0 138 0 1411 0 2 1 2 6663
6000 11 6 25 6 9 17 22 1 152 0 1323 0 3 1 1 7582
5000 16 6 24 8 9 15 21 0 152 0 1388 0 2 1 2 6649
6000 11 7 22 7 14 18 21 0 137 0 1096 1 3 1 2 7354
8000 14 5 23 7 10 19 21 0 140 0 1266 0 3 1 1 9521
7000 10 7 22 9 9 15 22 0 122 0 1160 0 2 2 2 8388
5000 13 7 21 9 10 29 21 0 179 0 1410 0 2 2 2 6720
6000 11 7 22 18 12 22 22 1 122 0 1300 0 2 1 2 7546
5000 19 5 21 7 8 22 19 0 148 0 1275 0 2 1 1 6533
12000 11 7 21 8 11 19 21 0 136 1 1457 0 2 1 2 13698
8000 12 9 24 10 13 16 24 0 162 0 1421 0 2 1 2 9709
8000 9 6 26 7 8 22 18 0 104 1 1147 0 2 2 2 9355
6000 11 5 29 8 10 32 36 0 149 0 1383 8 3 1 2 7680
7000 9 6 27 9 9 16 18 0 158 1 1291 0 3 2 2 8554
6000 9 7 25 7 9 15 19 0 134 0 1380 0 2 1 1 7614
11000 8 10 21 8 8 18 21 0 162 0 1127 0 3 4 4 12403
8000 8 6 18 7 14 23 20 0 133 0 1324 0 2 2 2 9562
5000 11 6 27 7 9 25 22 0 150 0 1288 0 2 1 1 6564
9000 11 5 24 6 11 24 18 0 128 0 1099 0 2 1 1 10333
7000 11 6 23 8 17 18 24 0 175 0 1383 0 2 2 2 8672
8000 11 7 27 6 9 19 20 0 109 0 1231 0 1 1 1 9447
9000 11 6 27 7 12 17 19 0 130 0 1275 0 3 2 3 10515
5000 11 6 21 7 10 21 19 0 267 0 1380 0 3 1 2 6752
5000 10 5 22 7 12 19 22 0 159 0 1115 0 2 1 2 6386
9000 9 5 19 7 9 23 19 0 157 0 1371 0 2 1 2 10631
5000 11 9 24 6 8 39 19 0 167 0 1352 0 2 1 2 6648
9000 9 6 22 7 10 19 24 0 128 0 1346 0 2 1 2 10587
6000 12 6 25 8 10 21 19 0 118 0 1213 0 2 1 1 7445
6000 9 5 21 7 16 20 19 0 131 0 1379 1 3 2 2 7625
9000 11 6 21 6 18 19 21 0 138 0 1358 0 2 2 3 10615
6000 11 6 20 6 9 21 20 0 114 0 1123 0 2 1 1 7336
7000 14 7 17 6 15 22 19 0 152 0 1332 0 3 1 2 8596
6000 12 6 25 7 11 22 24 1 133 0 1120 0 2 1 2 7372
6000 10 6 18 6 8 21 22 0 225 0 1348 0 3 1 1 7682
9000 12 19 25 7 10 23 17 0 109 0 1218 0 3 3 2 10454
7000 14 6 25 14 10 34 20 0 150 0 1345 1 2 1 2 8632
5000 10 6 21 7 9 24 19 0 135 1 1115 1 2 2 1 6357
7000 10 9 19 7 10 30 18 0 137 1 1316 0 2 2 2 8567
6000 12 5 20 7 10 26 22 0 142 0 1118 7 3 2 2 7379
10000 10 7 35 6 12 20 44 0 142 0 1253 0 2 1 2 11535
6000 10 6 19 7 13 16 27 0 130 0 1361 0 2 1 2 7603
6000 10 6 18 7 10 15 24 0 158 0 1133 0 2 2 2 7390
7000 11 6 21 7 10 25 18 0 136 0 1325 0 3 2 2 8580
7000 12 23 22 9 9 35 26 0 125 0 1415 0 2 2 1 8684
6000 11 8 27 8 9 25 22 0 118 1 1187 1 2 2 3 7432
7000 50 6 22 7 11 19 19 0 201 0 1339 0 2 1 2 8686
5000 9 7 20 8 9 23 23 0 156 0 1302 0 3 1 1 6577
7000 11 6 25 7 9 21 18 0 108 0 1275 0 3 1 2 8492
8000 10 7 28 7 9 20 21 0 131 0 1231 0 2 1 3 9471
7000 10 6 46 7 12 15 38 0 126 0 1384 0 2 2 2 8664
8000 10 7 21 6 9 20 20 1 120 0 2476 0 2 1 2 10710
6000 10 11 50 6 10 22 42 0 137 0 1350 0 2 2 2 7647
7000 12 5 21 7 10 19 19 0 150 0 1318 0 4 6 2 8576
7000 10 7 20 6 8 21 20 0 153 0 1367 0 3 1 2 8626
8000 12 6 25 11 11 23 21 0 161 0 1311 0 2 1 1 9596
6000 11 7 22 6 9 172 22 0 247 0 1277 0 2 1 2 7791
6000 10 6 21 7 9 21 22 1 131 0 1203 0 2 2 2 7442
6000 9 5 25 6 9 24 25 0 273 1 1347 1 3 2 4 7748
6000 10 6 20 7 39 18 19 0 130 0 1111 0 2 1 1 7368
6000 10 13 22 7 9 28 18 0 150 0 1396 1 3 1 2 7673
8000 11 6 23 7 11 26 23 0 132 0 1758 0 4 2 2 10017
7000 9 7 22 8 9 23 20 1 272 0 1408 0 2 1 2 8794
5000 9 7 21 7 9 23 17 0 141 0 1149 0 3 1 2 6393
8000 12 11 23 8 15 24 21 0 141 0 1320 0 2 1 2 9592
6000 11 12 19 6 10 38 19 0 112 0 1237 0 2 1 1 7473
5000 12 6 36 6 9 18 31 0 150 0 1302 0 3 1 1 6584
7000 10 5 23 7 9 23 20 0 278 0 1286 0 3 2 2 8676
6000 10 7 25 12 13 18 18 1 146 0 1431 1 2 1 2 7696
4000 11 6 22 6 8 20 22 0 248 0 1265 1 2 2 3 5619
9000 14 7 19 7 8 16 21 0 125 0 1377 0 2 1 1 10600
6000 17 7 22 6 11 18 18 0 179 0 1253 0 2 2 2 7552
6000 10 5 22 6 13 15 22 0 148 0 1297 0 2 1 1 7554
5000 18 8 21 9 9 26 23 1 151 1 1311 0 2 1 2 6593
7000 10 6 23 13 10 21 19 0 137 0 1416 0 2 1 1 8671
7000 11 6 22 6 9 18 19 0 147 1 1253 0 2 2 2 8502
10000 12 9 25 7 117 18 25 0 146 0 1315 1 3 2 2 11697
101000 12 5 23 8 10 17 20 0 119 0 1447 0 2 2 3 102670
7000 11 8 26 7 10 19 19 0 279 1 1438 1 4 1 2 8838
5000 10 7 30 8 11 28 23 0 162 0 1391 0 2 1 1 6687
5000 10 5 19 7 10 19 22 0 112 0 2100 0 2 2 3 7323
7000 10 6 25 7 9 16 22 1 126 0 1362 0 3 1 1 8590
6000 10 6 42 8 15 18 27 1 138 0 1312 0 3 4 2 7596
9000 11 7 24 7 9 23 17 0 111 1 2665 0 3 2 2 11889
10000 10 9 21 8 11 20 24 0 134 0 1323 1 2 1 2 11580
7000 12 6 21 7 9 18 20 0 110 0 1141 0 2 2 2 8362
7000 10 5 23 7 9 23 18 0 133 1 1114 1 3 1 2 8359
5000 10 6 20 19 11 36 19 0 148 0 2395 0 2 1 2 7672
9000 11 6 46 7 10 18 31 0 149 0 1389 0 3 2 2 10683
7000 11 9 22 6 8 21 20 1 142 1 1360 0 2 1 2 8617
8000 12 9 26 7 9 16 20 0 138 0 1408 0 2 2 2 9657
7000 10 12 26 11 9 20 18 1 157 0 1383 1 3 2 3 8669
5000 10 8 18 6 9 21 22 0 199 0 1359 0 2 2 2 6659
5000 9 6 24 7 11 17 20 0 137 0 2436 0 3 1 2 7680
8000 11 7 23 7 10 17 19 0 121 0 2539 0 2 2 2 10775
8000 9 5 23 6 9 21 36 0 142 0 1347 0 2 2 2 9615
7000 10 7 20 7 8 17 25 0 117 0 1209 0 2 1 2 8435
7000 9 8 25 10 39 20 126 0 154 0 1400 0 2 2 1 8805
5000 14 6 25 7 9 20 20 0 134 0 1465 0 3 2 2 6708
7000 12 7 24 7 9 17 21 0 128 0 1135 0 2 1 2 8368
8000 17 6 21 7 11 32 21 0 153 0 1290 0 2 2 3 9569
6000 10 7 26 7 10 27 27 1 164 0 2305 0 3 2 2 8604
7000 12 7 26 13 9 21 19 0 111 0 1316 0 2 2 2 8553
5000 11 8 20 7 9 16 21 0 114 0 1380 0 3 2 2 6598
8000 12 5 25 6 9 20 19 0 153 0 1441 0 3 2 2 9705
5000 19 7 24 7 8 18 22 0 140 0 1306 0 2 2 2 6567
8000 10 5 19 7 8 19 23 0 145 0 1199 0 3 2 2 9446
6000 10 6 21 6 9 21 18 1 108 0 1150 0 2 2 1 7357
6000 11 5 40 7 10 18 44 0 131 0 1452 0 3 2 1 7726
12000 10 6 19 6 9 20 18 1 155 1 1413 0 2 1 2 13675
8000 10 6 21 7 9 22 22 0 122 0 1135 0 3 1 3 9363
5000 9 6 26 6 9 22 18 0 161 0 2397 0 2 2 2 7665
6000 10 6 24 6 9 21 20 0 135 0 1159 1 3 2 7 7413
7000 13 6 21 7 10 20 20 0 126 0 1382 0 2 1 2 8622
6000 9 8 25 11 11 16 22 0 148 0 1223 0 2 1 2 7489
7000 11 6 36 7 11 20 49 0 137 0 1329 0 2 2 2 8625
5000 12 5 22 7 9 20 26 0 134 0 1388 0 2 1 1 6639
7000 10 8 26 7 10 24 21 0 143 0 1518 0 3 1 2 8774
5000 14 6 21 8 13 24 21 0 145 0 2505 1 3 2 2 7770
4000 10 6 17 7 12 17 21 1 151 0 1275 0 2 1 2 5530
10000 10 6 21 6 8 17 20 0 106 0 1258 0 2 2 2 11466
5000 12 6 20 6 8 17 24 0 114 0 1090 1 3 2 2 6312
12000 11 5 29 6 10 19 24 0 163 0 1302 0 2 1 1 13587
6000 10 7 24 7 11 17 24 0 135 0 1125 0 2 2 2 7369
6000 22 6 19 7 10 19 19 0 148 0 1570 1 2 1 2 7836
8000 10 6 21 6 10 20 20 1 127 0 1220 0 2 14 3 9470
6000 19 6 25 10 9 26 21 0 147 0 1367 0 2 1 1 7648
8000 10 6 23 7 10 22 22 0 140 0 1290 1 2 1 2 9543
5000 11 5 20 7 9 31 24 0 148 0 1433 1 3 2 2 6697
6000 17 6 26 8 15 15 19 0 157 1 1470 0 3 2 2 7749
5000 8 6 21 8 9 20 19 0 136 1 2351 0 1 1 2 7596
5000 12 5 24 7 9 19 21 0 129 0 1321 0 2 1 2 6563
10000 11 7 35 7 13 19 20 0 153 1 1314 0 3 2 3 11601
7000 10 6 35 11 9 20 27 0 146 0 1360 0 2 1 2 8643
9000 10 9 24 8 10 19 19 0 139 0 1111 0 3 1 2 10359
5000 12 6 29 6 11 17 20 0 151 0 1412 0 3 1 2 6684
8000 9 8 21 7 8 25 28 0 129 0 1320 0 2 1 2 9575
5000 11 6 19 7 11 20 20 1 118 0 1535 0 3 1 2 6762
7000 12 6 24 6 8 22 20 0 143 0 1239 0 2 1 2 8499
5000 12 6 17 8 10 21 20 0 139 1 1397 0 2 2 2 6639
5000 12 10 22 7 13 30 22 0 187 0 2660 0 2 2 2 7975
8000 10 6 17 6 10 19 24 0 128 0 1084 0 2 1 1 9309
5000 11 5 21 9 8 21 20 0 137 0 1325 0 2 2 1 6567
8000 14 9 22 6 8 31 23 0 145 0 1335 0 3 2 2 9610
6000 10 8 22 7 10 21 18 0 126 0 1199 1 2 1 1 7433
8000 14 6 33 7 12 30 21 0 141 0 1411 0 3 2 2 9689
6000 12 6 30 8 8 18 22 0 169 1 1434 0 3 2 2 7728
15000 17 7 25 8 14 20 19 0 146 0 1227 0 2 1 2 16503
6000 14 10 25 7 13 21 18 0 132 0 1111 11 3 1 2 7370
5000 11 6 26 32 11 22 24 0 238 0 1320 0 3 2 3 6706
5000 14 6 23 7 12 22 23 0 130 0 1372 0 3 1 2 6617
6000 9 9 27 9 10 52 23 1 157 0 1477 0 3 4 3 7786
6000 15 8 25 7 10 21 23 1 116 0 1370 0 3 2 2 7610
7000 10 6 20 8 14 24 20 0 143 0 1389 0 3 2 2 8646
8000 11 11 25 9 9 16 41 0 156 0 1298 0 2 1 2 9584
6000 13 6 22 7 9 20 28 0 127 0 1147 7 2 2 2 7401
7000 11 4 23 7 19 17 25 1 144 1 1356 1 2 1 2 8622
8000 10 6 24 12 11 24 20 0 123 0 1401 0 3 1 2 9638
8000 11 6 26 9 8 15 19 0 133 0 1495 0 3 1 2 9742
8000 9 7 24 31 9 22 19 1 138 0 1371 0 2 6 1 9645
7000 9 12 21 9 12 25 22 0 163 0 1297 0 2 1 2 8587
7000 11 5 21 6 8 17 24 0 145 0 1400 0 2 2 2 8654
7000 10 5 19 7 12 16 19 0 121 0 1364 0 2 1 1 8584
6000 10 7 18 8 10 44 18 0 145 0 1220 0 2 1 1 7489
6000 11 6 24 8 10 24 19 1 154 0 1390 1 2 1 2 7668
7000 12 7 21 7 9 18 19 0 149 0 1271 0 2 2 2 8532
5000 10 6 19 7 8 19 21 1 153 0 1327 0 2 2 2 6582
5000 12 11 28 11 9 25 17 0 112 0 1339 0 2 1 2 6580
6000 11 6 23 7 9 28 18 0 175 0 1324 0 2 1 2 7611
7000 12 6 22 7 10 24 20 0 116 0 1283 1 3 4 3 8520
7000 11 6 25 11 9 20 22 0 293 0 1405 1 2 1 2 8823
8000 11 6 20 7 12 22 19 0 130 0 1147 0 2 2 2 9392
8000 11 11 24 7 10 19 18 0 108 1 1072 0 2 1 2 9288
10000 10 6 21 6 12 17 20 1 129 0 1287 0 2 2 2 11517
7000 9 6 21 6 10 31 21 0 135 0 1256 0 2 2 2 8513
6000 12 7 32 7 9 19 21 0 115 0 1120 0 2 1 2 7360
5000 9 9 22 7 9 23 19 0 171 1 1052 0 3 1 2 6335
6000 9 5 22 7 9 18 23 0 111 0 1048 0 3 1 2 7269
7000 9 7 23 6 17 21 22 0 172 0 1368 0 2 1 2 8653
7000 16 10 20 17 9 22 19 0 315 0 1408 1 3 5 2 8848
7000 12 8 24 7 9 19 23 0 150 0 1137 0 3 2 2 8403
7000 24 6 23 9 12 19 43 0 156 0 1320 0 2 1 1 8628
6000 10 7 38 8 15 23 41 0 141 0 1291 0 2 1 2 7593
10000 9 5 22 6 9 16 32 0 117 0 1115 0 2 1 2 11345
8000 10 7 24 6 10 21 19 0 107 0 1131 0 2 1 2 9347
6000 9 6 22 7 9 30 22 0 175 0 1360 0 2 2 2 7660
5000 11 7 37 9 11 17 39 0 152 0 1333 0 2 1 3 6628
6000 12 6 40 168 12 23 47 0 147 0 1458 1 3 2 2 7931
8000 9 9 27 10 9 20 20 0 136 0 1297 1 3 2 3 9560
6000 15 6 22 6 10 31 19 0 144 0 1433 0 3 2 6 7703
6000 12 5 25 9 9 21 21 0 132 0 1129 0 3 1 2 7371
7000 10 6 27 7 11 20 19 1 287 0 1413 0 3 1 1 8820
5000 11 6 22 7 9 22 19 0 136 0 2613 0 2 2 1 7854
