datastore_v3:BeginTransaction datastore_v3:RunQuery datastore_v3:Commit datastore_v3:Put datastore_v3:Get datastore_v3:RunQuery datastore_v3:Delete datastore_v3:RunQuery datastore_v3:Next datastore_v3:RunQuery datastore_v3:Next datastore_v3:RunQuery datastore_v3:Next memcache:Set memcache:Get memcache:Delete Total 
   7   12    7   29    8   12   20   20    0  166    0 1387    0    4    1    2 1678 
   6   11    8   24    6    8   16   19    0  178    0 1390    0    2    1    1 1684 
   6   12    7   19    6   11   17   20    0  134    1 1255    1    2    2    2 1499 
   6   10    5   23    7    8   22   22    0  136    1 1313    0    3    2    2 1570 
   8   10    6   27    8    9   22   19    1  301    0 1348    1    2    2    2 1781 
   6   10    6   25    6   11   18   19    0  105    1 1159    0    4    2    3 1387 
   8   10    7   23    6    9   20   19    0  119    0 1150    0    2    1    2 1382 
   7   11    6   25    8   10   21   26    0  144    0 1337    0    2    1    2 1614 
   6    9    7   22    7    9   23   19    0  132    0 2256    0    2   14    2 2519 
   5    9    6   23    9   12   18   20    0  154    0 1490    0    1    1    2 1751 
   6    9    7   20    7    9   17   21    0  122    0 1146    1    3    1    2 1381 
   7   10   11   23    7    9   22   21    0  130    0 1110    0    2    1    2 1369 
   6   12    8   31    8   12   23   36    0  117    0 1521    0    2    2    2 1788 
   6   15    5   22    7   11   29   19    1  144    0 1346    0    3    1    1 1618 
   5   11    5   31    7    9   17   25    0  147    0 2477    0    3    1    1 2751 
   8    9    5   19    7   11   17   22    0  129    0 2470    0    3    2    2 2708 
   8   10    6   22    8    9   21   20    1  157    0 1566    0    3    1    2 1838 
   8   11    9   21    7    8   29   18    1  131    1 1409    1    3    1    2 1663 
   7   11    7   25   12    9   24   18    0  161    0 1290    0    3    2    2 1573 
  12   13    7   20    7   12   26   21    0  155    0 1343    0    2    2    2 1631 
   5   11    7   25    9    9   23   22    1  149    0 1185    0    2    2    3 1456 
   6   12   10   21    7   10   21   20    0  119    0 2485    0    3    2    2 2725 
   8   14    5   25    7    9   17   19    0  104    0 1184    0    2    1    1 1410 
   7    9    5   25   10   10   17   19    0  133    0 1270    1    2    2    2 1514 
   8   10    7   30    9   17   16   19    0  127    1 1458    1    2    1    2 1720 
   7   10    5   22    7    9   19   18    0  109    0 1104    1    2    1    2 1318 
   6    9    6   20    6    9   17   26    0  144    0 2443    0    2    1    2 2701 
   7   10    6   19    8   10   20   19    0  123    0 2660    0    2    1    2 2898 
   5   20    6   21   13   12   18   20    0  185    0 1470    0    2    2    2 1780 
   5   11    5   24    9   13   21   21    0  138    0 1469    0    3    2    1 1723 
   6   12    7   19    6    9   19   19    0  138    0 1460   14    3    2    2 1728 
   5   12    5   24    8   14   39   24    0  158    0 1353    0    3    1    3 1663 
   7   10    6   23    8   11   21   20    0  227    0 1354    0    3    2    2 1701 
   9   11    7   22    9   10   23   21    0  137    0 1391    0    3    1    2 1660 
   6   12    6   22    7    9   21   18    0  134    0 1161    0    2    2    2 1411 
   5   10    6   29    6    9   21   22    0  144    0 1294    0    2    3    2 1563 
   7   10    6   22    7    9   20   19    0  143    0 1321    0    2    1    2 1579 
   6   10    6   24    7   10   16   23    0  132    0 1422    0    3    1    2 1674 
   6   10    5   20    7   10   18   18    0  131    0 1385    0    2    1    2 1626 
   6   10   10   21    6    8   26   23    0  269    0 1264    0    3    2    3 1663 
   6   10   10   40   12   11   20   21    0  152    0 1381    0    2    1    2 1679 
   6   10    6   22   12    9   25   19    0  147    1 1376    0    3    2    2 1643 
   8   10    8   21    7    8   17   19    0  115    0 1204    0    3    2    1 1428 
   7    9    6   21    6   10   23   20    0  112    0 1230    0    2    1    2 1459 
   5    9   13   21    7   10   36   23    0  127    0 1324    1    3    2    2 1590 
   6   11    8   21    8    9   27   23    0  133    0 1329    1    3    1    4 1586 
   5   10    6   46    8   13   20   40    0  141    0 1309    0    3    2    2 1615 
   7   13    8   25    7   13   17   20    0  131    0 1312    0    2    1    2 1561 
   9   10    6   22    7    9   22   22    0  120    0 1177    0    2    1    2 1420 
 102   10    6   22    6   10   16   24    0  165    0 1353    0    3    1    2 1721 
   9    9    6   24    6    8   28   20    0  116    0 1329    1    2    1    2 1572 
   8   11    7   21    8   19   20   20    1  134    0 1434    1    2    1    1 1689 
   7   13    5   27    7    8   25   19    0  118    0 1137    0    3    1    2 1373 
   6   13    7   25   14    8   27   20    0  164    0 1452    0    2    2    2 1753 
   6   11    5   21    7   12   18   21    0  115    0 1152    0    3    1    1 1385 
   5   10   10   19    6   10   30   19    0  127    0 1293    0    3    2    3 1549 
   6   13    5   22    8   12   26   19    0  165    0 1414    0    2    1    2 1707 
   6   17    6   18    8   10   22   21    0  130    0 1280    0    3    1    2 1531 
   5   10    8   26    7   15   24   20    0  128    0 1353    0    2    1    1 1615 
   8   10   11   32    6   10   38   25    0  121    0 1506    0    2    1    2 1784 
   9   12    6   23    7   12   21   20    0  142    0 1108    0    2    1    2 1379 
   9   10    6   20    7   11   26   26    0  139    0 1292    0    2    1    2 1555 
   9   12    8   23    6    9   24   19    0  263    0 1305    0    3    1    2 1699 
   7   10    7   24    7    9   22   21    0  111    0 1048    1    2    1    2 1286 
   6   11    5   56    6    9   19   22    0  131    0 1127    0    3    2    5 1410 
   7   10    7   23    7    8   17   20    0  241    0 1456    0    2    1    2 1816 
   8   16    7   19   10   13   22   22    0  136    0 1397    0    2    1    3 1657 
   7   10    7   22   11    9   24   18    0  185    0 1249    0    2    1    2 1559 
   6   12    6   22    8   10   21   26    0  155    0 1642    1    2    1    2 1924 
   4   13    6   22    8    9   22   24    0  157    0 1358    0    3    2    2 1640 
   6   11    6   22    9   12   19   20    0  113    0 1371    0    2    1    1 1602 
   6   12    7   23    8   32   20   21    1  121    1 1416    0    2    2    2 1681 
   6   10    9   22    7   10   32   24    0  156    0 1317    0    2    1    1 1602 
  12   10    9   25    5   10   34   24    1  121    0 1281    0    2    1    1 1544 
   6    9    9   24    7    9   17   22    0  144    0 1253    1    2    2    3 1517 
   5   10    5   26    7   14   18   19    0  182    1 1315    0    2    1    2 1621 
   5   10    7   27   10    9   18   22    0  124    0 1285    0    3    2    2 1534 
  12   11    5   21    6   11   16   20    0  147    0 1337    0    2    1    2 1595 
   7   18    8   25    8   15   23   19    1  139    0 1300    1    2    1    2 1578 
   6   10    6   27    6    9   16   18    0  143    0 2421    0    3    2    3 2682 
   6   18    7   23   11   12   23   34    0  162    0 1371    0    3    2    2 1678 
   7    9    6   21    8   10   19   20    0  121    0 1413    0    2    2    2 1643 
   6   12    7   23    9    9   48   20    0  129    1 1340    0    2    2    2 1625 
   7   21    6   29    8   12   30   22    1  145    0 1345    0    1    1    2 1637 
   7    9    7   34    7   10   23   29    0  155    0 1307    0    3    1    2 1596 
   6   13    7   23    6    9   23   20    0  154    0 1326    0    2    1    2 1604 
   8   12    7   49    7    9   15   40    0  138    0 1365    0    3    1    2 1664 
   9   11    5   23    9   11   17   23    0  174    0 1355    0    3    2    2 1651 
   6    8    6   20   10    9   19   18    0  127    0 1102    1    2    1    3 1339 
   5   11   13   23    6    8   39   23    0  119    0 1367    0    5    2    2 1630 
   6   12    5   20    6   10   18   19    0  137    1 1350    0    3    1    3 1605 
   8   11    6   36    8    9   20   38    0  140    1 1474    0    2    1    2 1758 
  10   10    9   20    7    8   21   19    0  148    1 1287    0    2    1    2 1555 
   6   10    5   29    7   10   19   21    1  115    0 1194    0    2    1    1 1423 
   7   10    7   26    7   10   20   23    0  136    0 1366    0    2    1    2 1630 
  13   10    5   24    7    8   20   18    1  136    0 1072    0    2    2    2 1334 
   7   10    7   19    8    9   16   19    0  134    0 1152    0    2    1    2 1388 
   8   10    5   20    6   13   17   23    0  154    0 1309    0    2    2    2 1585 
   6   14    6   25    7    9   22   20    0  117    0 1183    0    2    2    2 1421 
   6   12    6   24    8   13   17   22    0  145    0 1364    0    2    1    2 1632 
   8   10    8   25    9   10   28   22    0  161    1 2546    0    3    2    2 2836 
   8   10   16   24    9   11   36   21    0  123    0 1425    0    3    1    2 1702 
   8    9    6   20    8    9   22   18    0  105    0 1169    0    3    2    5 1393 
   7   13    7   24   12   10   17   19    0  167    0 1080    0    3    1    2 1375 
   9   10    7   50    7    9   20   21    1  135    0 1268    0    3    2    2 1555 
   6   10    6   24    8   10   21   18    0  123    0 1231    0    2    2    2 1478 
   5    9    8   22    7    9   22   22    0  125    0 1341    0    2    2    2 1587 
   7   10    8   23    7    9   24   19    0  112    0 1116   12    2    2    3 1360 
   6   10    6   30    7    9   23   19    0  133    0 1319    1    3    2    2 1583 
   7    9   11   26    8    9   17   22    0  152    0 1355    0    2    2    3 1629 
   8   37    6   22    6   10   17   22    0  108    0 1068    0    2    1    2 1310 
   4   13    9   21    8   10   17   22    1  144    1 1076    0    2    2    2 1342 
   7    9    6   19    7    9   25   23    0  131    0 1313    0    3    1    2 1563 
   8    9    6   20    8   13   18   25    1  118    1 1122    0    2    1    1 1355 
   6   13    7   26    6    8   20   20    1  129    0 1347    0    5    2    2 1597 
   7   10    6   27    7   11   21   25    1  162    0 1359    0    2    1    2 1651 
   8   11    6   25    7   11   21   27    0  132    0 1380    0    2    1    1 1640 
   6   11    8   29    8   10   22   18    0  126    0 1185    0    3    5    2 1438 
   7   10    8   21    6   12   26   26    0  269    0 1430    0    3    1    2 1834 
   6   11    6   28    8   12   16   20    0  158    0 1157    0    2    2    2 1432 
   5   19    6   20    9   10   20   22    1  146    0 1498    1    2    1    1 1775 
   5   11    5   18    7    9   20   45    0  152    0 2418    1    2    2    2 2703 
  10   11    7   24    7   10   17   18    0  126    0 1385    0    2    2    2 1627 
   7   12    7   23    8   10   16   21    0  133    0 1169    7    3    2    2 1426 
  10   11    5   23    7    9   17   20    0  169    0 1410    0    3    1    1 1688 
   7   13   16   21    6    9   15   19    0  141    0 1307    0    2    1    2 1571 
   6   10    5   32    6    9   19   20    0  136    0 2484    1    3    2    1 2749 
   7   11    8   26    8    9   21   19    0  142    0 1298    0    5    1    2 1562 
   6   10    6   25    8    8   20   24    0  176    0 1326    0    3    2    2 1622 
   8   10    7   24    7    9   23   19    0  155    0 1372    0    3    1    2 1655 
   6   10    5   40    9    9   25   35    0  128    0 1367    0    4    2    2 1649 
   5    9    4   21   10    9   14   19    0  116    0 1206    1    2    1    2 1428 
   5   10    6   20    8    9   17   22    0  148    0 1305    0    2    1    2 1562 
   6   10    7   22    8   10   22   26    0  146    0 1416    0    2    2    3 1681 
   7   11    6   23    7    8   19   21    0  145    0 1319    0    3    1    2 1573 
   6   11    7   21    7   10   29   23    0  118    0 1352    9    4    2    2 1607 
   6   11   11   19    7   14   28   22    0  185    0 1289    0    2    1    2 1600 
   5   18    9   28    9   12   28   22    0  141    0 1305    1    3    1    2 1588 
   8    9    6   48    6    8   17   46    0  134    1 1396    0    2    2    2 1692 
   6    9    7   24    7   10   23   24    0  117    0 1115    0    3    1    1 1355 
   8   11    7   20    9    9   17   18    1  114    0 1153    0    3    2    3 1384 
   8    9    5   20    6    9   16   19    1  132    0 1339    0    1    2    2 1574 
   7   10    6   20    7    9   26   18    0  140    0 2575    0    2    1    1 2835 
   6   13    7   22    8   12   20   20    0  150    0 1061    0    2    1    2 1338 
   7   11    6   22    6    8   14   20    0  106    0 1101    0    2    1    2 1321 
   6   10    8   23    9    9   16   20    0  252    0 1426    0    2    1    2 1785 
   6   10    6   23    7   11   26   21    1  109    0 1233    0    2    1    2 1465 
   6    9    7   23   10   14   16   20    0  137    0 1374    0    3    2    2 1624 
   5   13    7   19    6   13   33   19    0  125    0 1287   10    3    1    2 1548 
   8   12    6   22    8   12   24   23    1  139    0 2555   10    3    1    1 2836 
   6   15    7   23    8    9   20   22    0  134    0 1381    0    2    1    1 1631 
   7   10    5   21    6    9   18   19    0  110    1 1102    1    3    2    2 1321 
   5   10    8   25    6   10   20   18    0  129    0 1178    0    2    2    2 1422 
   8   12    6   29    7    9   18   21    0  133    0 1315    0    2    2    2 1568 
   6   11    7   21    7    9   19   18    0  149    1 1171    1    2    1    2 1435 
   7   13    6   23    7   10   19   22    0  137    0 1158    0    2    2    1 1417 
   5   12    6   51    7   12   19   43    0  118    0 1234    0    2    1    2 1523 
   7   10   11   20    7    9   26   18    0  121    0 1307    0    2    1    2 1548 
  12   12    6   31    7   10   19   23    0  142    0 2355    0    2    2    2 2634 
   7   11    6   25    6    9   20   23    0  162    1 1287    0    2    1    1 1569 
   6   14    7   36    9   11   17   42    0  104    0 1189    0    2    2    2 1448 
   9   10    5   25    6    8   21   21    0  111    0 1190    0    2    1    2 1420 
   6   11    6   38    7    9   32   42    1  162    1 1371    0    2    2    1 1697 
   4    9   17   20    9   10   33   19    0  155    1 1339    0    3    2    2 1630 
   7   11   16   23    8   11   27   25    0  137    0 1320    0    2    2    2 1592 
   4   10    6   30    8   12   20   29    0  139    0 1557    0    3    6    3 1836 
   6    9    5   39    7    9   18   38    0  151    0 1400    0    2    1    2 1702 
   7   11    6   23    7    9   23   25    0  125    0 1141    0    2    1    2 1395 
   6   13    6   23    7   10   23   20    1  142    0 1215    0    3    3    2 1485 
   5   10    6   22    7   10   26   21    0  163    0 1498    0    3    2    3 1782 
   6   16    5   22    6    9   20   20    0  132    0 1208    0    2    1    2 1453 
   5   11    6   20    9   15   21   22    0  131    0 1320    0    2    1    2 1573 
   5   10    5   21    6   11   16   22    1  123    0 1108    0    3    2    3 1347 
   7   12    6   26    8   10   25   20    0  158    0 1410    0    2    2    2 1694 
   6   11    7   22    7    9   25   20    0  124    0 1386    0    2    1    5 1626 
   6    9    5   22    6    9   23   18    0  105    0 1318    0    3    2    2 1530 
   9   11    6   25    9    8   15   23    1  164    0 1362    1    3    2    2 1654 
   8    9    6   34    8    9   22   46    0  168    0 1324    0    2    1    1 1640 
   7   10    5   20    7    9   18   20    1  117    0 2433    0    2    1    1 2655 
   8   12    6   23    7    9   29   19    0  131    0 1387    0    2    1    2 1650 
   4    8    5   18    8    9   17   19    0  121    0 1415    0    3    1    2 1636 
   7   13    5   20    7   10   20   20    0  155    0 1158    0    2    1    2 1425 
   8   13    5   23    6    9   20   19    0  141    0 1276    0    2    2    3 1533 
   5    9    6   18    9   16   26   20    0  266    0 1456    1    3    2    2 1850 
   6   11    8   22    7   15   19   18    0  129    0 1347    0    2    1    2 1602 
   8    9    5   19    6    8   18   20    0  116    0 1193    0    3    1    1 1421 
   7   10    6   26    6   13   22   22    0  138    0 1418    0    2    1    1 1686 
   6   10    6   20    9   10   19   20    0  115    0 1159    0    1    2    2 1390 
   8   11    6   19   15    9   20   19    0  142    0 1331    1    3    2    2 1593 
   6   10   15   23    8   12   25   20    1  157    1 1244    0    2    1    1 1536 
   6   11    6   23   12    9   17   19    0  145    0 1377    0    2    2    2 1642 
   5   26    6   23    8    9   25   24    0  165    0 1397    0    6    3    2 1713 
   6   10    6   21    9   10   20   19    0  158    1 1173    1    2    3    2 1450 
   7   10    5   23    6    9   21   23    0  130    0 1361    0    2    1    1 1612 
   6   10    5   33    7   16   19   22    0  142    0 1335    0    3    1    2 1602 
   6   13    8   28    8   14   39   21    0  140    0 1295    0    2    1    1 1585 
   6   13    7   22    7    8   17   19    0  129    1 1300    0    2    1    1 1541 
   7   15   12   36    6   11   39   49    0  165    0 1299    0    2    1    2 1650 
   7   11    7   28    7   14   16   20    0  104    0 1156    0    6    1    2 1382 
   8   11    6   23    6   10   26   29    0  139    0 1379    0    2    1    2 1650 
   8    9    7   21    7    9   18   21    1  177    0 2813    1    2    1    1 3102 
   6    9    6   18    7    9   25   24    0  140    0 1472    1    3    2    2 1728 
   7   11    9   25    6    9   23   19    0  143    0 1472    0    2    1    2 1738 
   6    8  163   24    7   11   18   41    0  144    0 1370    0    2    2    2 1799 
   6   11    6   41    6   10   19   34    0  137    0 1461   16    3    2    2 1768 
   6   11    6   20    7   10   30   22    0  253    0 1394    0    2    1    3 1775 
   7   18    7   22    6   10   22   19    0  146    0 1462    0    3    1    2 1726 
   8   10   10   23    7   13   26   21    0  111    0 1147    0    2    1    2 1382 
   7   11    6   20    7    9   19   18    0  247    0 1332    0    2    2    3 1684 
   7   10    6   29    9   15   23   20    0  129    0 1339    1    3    1    1 1599 
   5   12    9   23    7   11   22   24    0  130    0 1151    1    2    1    2 1406 
   6   12    8   21   11    9   31   18    0  131    0 1325    1    2    1    2 1579 
   6    9    8   25   13   10   18   20    0  170    0 1374    1    2    1    1 1672 
   8   11    5   23    6   16   21   21    0  118    0 1378    0    2    1    2 1618 
   6   14    5   40    8   10   24   35    0  161    0 1298    0    3    2    2 1617 
   6    9    5   23    7   14   20   25    0  128    0 1191    1    2    1    2 1447 
   7   10   19   24    7    9   18   50    1  164    0 1386    0    3    1    2 1704 
   7   12    6   20    9   10   27   23    0  163    0 1326    0    3    1    2 1618 
   6    9    8   24    7   10   20   25    1  133    0 1341    0    2    1    1 1590 
   5    9    8   22    7    9   37   22    1  171    0 1820    0    2    2    2 2121 
   9   11    6   21    7   10   19   21    0  113    0 1142    0    4    1    2 1379 
   7   10    5   21    8   11   22   22    0  155    0 1399    0    2    1    2 1676 
   8   10    7   20   22   23   20   21    0  138    0 1537    0    2    1    1 1819 
   5   13    5   23   12   45   26   34    0  148    0 1279    0    2    2    2 1602 
   7   10    5   22    6   10   25   20    0  128    0 2703    0    2    1    1 2943 
   8   10    8   21    7    9   25   21    0  136    0 1087    0    3    2    2 1347 
   8   10    5   26   11   12   16   19    0  134    0 1312    0    2    1    2 1569 
   5   12    5   19    7    9   21   17    0  132    0 1221    1    2    2    2 1457 
   6   10    6   28   10    9   17   21    0  268    0 1375    0    2    2    2 1764 
   8   17    4   20    6    8   20   18    0  143    0 1325    0    2    1    2 1581 
   9   10    7   27   12   10   28   20    1  280    0 1301    1    2    3    2 1721 
   6   10    7   25    7    9   21   22    0  149    0 2261    0    2    2    3 2531 
   4    8    9   21    7    9   21   21    0  166    0 1381    0    3    2    2 1662 
   8   12    5   76    6   17   24   21    1  170    0 1342    0    2    2    2 1700 
   6   11    6   20    8   11   28   22    0  130    0 2549    1    2    2    2 2804 
   5    9    7   25   14   14   26   20    0  127    0 1391    0    6    1    1 1660 
   6    9    7   28    7    9   29   20    0  131    0 1340    1    3    2    3 1607 
   6   10    5   24    7   10   20   22    1  137    0 1110    0    3    2    2 1373 
   7   11    9   19    7    9   24   18    0  132    0 1400    0    2    2    3 1644 
   5   11    7   25    7    9   19   18    0  131    0 1142    0    3    2    2 1396 
   9   13    6   21    7   10   15   18    0  169    0 1121    0    2    1    2 1400 
   8   10    5   27    7   13   22   20    0  146    0 1220    1    3    1    7 1492 
   7   10    5   19    6   10   18   19    0  157    1 2388    1    2    2    2 2651 
   6   11    5   19    9    8   18   25    1  138    0 1351    0    2    1    2 1597 
   6   14    5   26    8    9   31   21    0  124    0 1379    1    2    2    1 1636 
   5   11    6   20    6    9   16   18    0  259    0 1359    0    2    1    1 1714 
   7   10    5   23    8   15   14   20    0  164    0 1398    1    7    1    1 1685 
   5   12    8   24    7    9   20   21    0  152    0 1386    0    4    2    2 1666 
   8   11    6   44    8   10   17   17    0  111    0 1153    0    2    1    1 1391 
   8   12    7   39   12    9   20   38    0  143    0 1448    0    3    1    3 1752 
   7   13    5   25    7    9   20   23    0  148    0 1275    0    3    1    1 1546 
   8   12    8   24    7   10   22   20    0  256    0 1302    1    3    1    2 1679 
   4   11    7   31    6   10   19   19    0  253    0 1356    0    3    2    2 1736 
   7    9    6   19    9   13   16   21    0  179    0 1261    0    3    2    2 1554 
   5   12    7   18    7   11   19   21    0  140    0 1357    0    2    2    2 1612 
   5   16   13   23    8   13   22   25    0  139    0 1431    1    3    1    1 1712 
   5   11   12   21    7    9   29   20    0  126    0 1454    0    2    1    2 1712 
   6   11    8   26    6   12   18   19    1  142    0 1088    0    2    1    2 1345 
   7   11    8   25    8   10   17   19    0  305    0 1721    0    3    2    3 2149 
   6   10    5   19    6    9   18   20    0  272    0 1411    1    3    1    2 1788 
   6   15    7   27   13   10   20   21    0  137    1 1426    0    3    2    2 1700 
   8    9    7   22    7    9   17   22    0  148    0 2331    0    2    2    2 2600 
   7   14    5   25    8   14   29   21    0  163    0 1318    1    2    1    2 1615 
   6   15   11   17    7   10   24   23    1  149    0 1338    0    2    2    3 1612 
   7    9    8   24    8   13   31   19    0  138    0 1376    0    3    1    1 1651 
   8   11    8   24    7   12   19   19    1  127    0 2251    0    2    1    1 2502 
   7   10    6   24    9   13   19   24    0  124    0 1201    7    2    1    2 1454 
   6   13    9   27    8   11   19   21    0  139    0 1315    1    2    1    2 1582 
  10   10    6   30    7   11   16   19    0  116    1 1355    0    2    1    1 1587 
   6   14    9   21    6    9   29   18    0  130    0 1362    0    3    1    4 1613 
   9   10    7   23    7   10   22   22    1  143    0 1260    0    3    2    2 1536 
   8   11    6   28    7    9   19   24    0  148    0 1393    0    2    2    2 1669 
   8   10    6   26    7    9   17   22    0  126    0 1262    0    2    1    2 1505 
  11   12    7   23    7    9   22   23    1  105    1 1127    1    3    2    2 1360 
  12   14    5   40    7    9   25   44    0  129    0 1378    0    2    2    2 1673 
   6   10    6   23    7    8   26   21    1  110    0 1226    1    2    1    1 1460 
  10   15    6   22    7    9   23   18    0  130    0 1373    0    3    2    2 1627 
   5   11    5   22    9    8   22   21    0  132    0 1280    0    2    1    2 1523 
   5   12    6   27    7   11   18   23    1  143    0 1374    1    2    1    2 1641 
   7   10    5   19    8   16   17   22    0  130    0 1363    0    2    1    2 1613 
   5   15    6   24    7    9   22   18    0  130    0 1234    0    2    1    1 1477 
   7   11    6   23    6    8   19   25    0  142    0 1324    0    2    2    2 1588 
   5   11    5   23    7    9   20   23    0  117    0 1332    0    2    1    2 1561 
   7   10    5   26    7    9   16   22    0  108    0 1102    0    2    1    2 1318 
   8   11    6   21    7    9   18   18    0  111    0 1150    0    3    1    2 1379 
   7   13    7   26    7   10   20   19    1  140    0 1408    0    2    1    2 1671 
   5    8    5   25    7    8   18   21    0  143    1 2240    0    2    1    2 2491 
   9   10    5   26   11   14   22   19    0  127    0 1496    0    2    1    1 1755 
   6   10    5   21   15    9   20   24    0  130    0 1377    0    2    2    2 1633 
   7   10   11   20   15   12   36   21    0  153    1 1354    0    2    1    2 1658 
   6   10   13   21    6   10   22   18    0  152    0 2477    0    2    2    2 2749 
   6   11    7   23    7    9   21   17    0  181    0 1235    0    2    6    2 1537 
   8   10    7   24    6    8   21   21    0  132    0 2506    0    2    1    1 2758 
   6   11    6   24    6   10   15   21    0  135    0 1381   13    3    1    2 1636 
   5   14   12   25   35   13   33   20    0  159    0 1341    0    2    1    2 1666 
   6    9    7   21    7    9   21   24    0  129    0 1363    1    3    1    2 1611 
   7   21    7   23    8   10   20   19    1  117    0 1368    0    3    2    2 1622 
   9   10    6   30   11   12   21   19    0  266    1 1389    0    2    1    1 1780 
   8    9    5   23    8    9   19   20    0  144    0 1329    0    2    1    2 1583 
   5    9    5   40    7   10   19   28    0  187    0 1388    0    2    2    2 1705 
   6    9    8   42   12   13   15   41    1  137    0 1337    1    2    1    2 1634 
   8    9    5   42    8   13   22   41    0  158    0 1476    0    2    1    2 1792 
   8   10    5   22    6    9   20   19    0  121    0 1535    0    3    1    2 1763 
   5   11    5   25    7   10   26   20    0  138    0 1411    0    2    1    2 1668 
   6   11    6   25    6    9   17   22    1  152    0 1323    0    3    1    1 1588 
   5   16    6   24    8    9   15   21    0  152    0 1388    0    2    1    2 1654 
   6   11    7   22    7   14   18   21    0  137    0 1096    1    3    1    2 1360 
   8   14    5   23    7   10   19   21    0  140    0 1266    0    3    1    1 1529 
   7   10    7   22    9    9   15   22    0  122    0 1160    0    2    2    2 1395 
   5   13    7   21    9   10   29   21    0  179    0 1410    0    2    2    2 1725 
   6   11    7   22   18   12   22   22    1  122    0 1300    0    2    1    2 1552 
   5   19    5   21    7    8   22   19    0  148    0 1275    0    2    1    1 1538 
  12   11    7   21    8   11   19   21    0  136    1 1457    0    2    1    2 1710 
   8   12    9   24   10   13   16   24    0  162    0 1421    0    2    1    2 1717 
   8    9    6   26    7    8   22   18    0  104    1 1147    0    2    2    2 1363 
   6   11    5   29    8   10   32   36    0  149    0 1383    8    3    1    2 1686 
   7    9    6   27    9    9   16   18    0  158    1 1291    0    3    2    2 1561 
   6    9    7   25    7    9   15   19    0  134    0 1380    0    2    1    1 1620 
  11    8   10   21    8    8   18   21    0  162    0 1127    0    3    4    4 1414 
   8    8    6   18    7   14   23   20    0  133    0 1324    0    2    2    2 1570 
   5   11    6   27    7    9   25   22    0  150    0 1288    0    2    1    1 1569 
   9   11    5   24    6   11   24   18    0  128    0 1099    0    2    1    1 1342 
   7   11    6   23    8   17   18   24    0  175    0 1383    0    2    2    2 1679 
   8   11    7   27    6    9   19   20    0  109    0 1231    0    1    1    1 1455 
   9   11    6   27    7   12   17   19    0  130    0 1275    0    3    2    3 1524 
   5   11    6   21    7   10   21   19    0  267    0 1380    0    3    1    2 1757 
   5   10    5   22    7   12   19   22    0  159    0 1115    0    2    1    2 1391 
   9    9    5   19    7    9   23   19    0  157    0 1371    0    2    1    2 1640 
   5   11    9   24    6    8   39   19    0  167    0 1352    0    2    1    2 1653 
   9    9    6   22    7   10   19   24    0  128    0 1346    0    2    1    2 1596 
   6   12    6   25    8   10   21   19    0  118    0 1213    0    2    1    1 1451 
   6    9    5   21    7   16   20   19    0  131    0 1379    1    3    2    2 1631 
   9   11    6   21    6   18   19   21    0  138    0 1358    0    2    2    3 1624 
   6   11    6   20    6    9   21   20    0  114    0 1123    0    2    1    1 1342 
   7   14    7   17    6   15   22   19    0  152    0 1332    0    3    1    2 1603 
   6   12    6   25    7   11   22   24    1  133    0 1120    0    2    1    2 1378 
   6   10    6   18    6    8   21   22    0  225    0 1348    0    3    1    1 1688 
   9   12   19   25    7   10   23   17    0  109    0 1218    0    3    3    2 1463 
   7   14    6   25   14   10   34   20    0  150    0 1345    1    2    1    2 1639 
   5   10    6   21    7    9   24   19    0  135    1 1115    1    2    2    1 1362 
   7   10    9   19    7   10   30   18    0  137    1 1316    0    2    2    2 1574 
   6   12    5   20    7   10   26   22    0  142    0 1118    7    3    2    2 1385 
  10   10    7   35    6   12   20   44    0  142    0 1253    0    2    1    2 1545 
   6   10    6   19    7   13   16   27    0  130    0 1361    0    2    1    2 1609 
   6   10    6   18    7   10   15   24    0  158    0 1133    0    2    2    2 1396 
   7   11    6   21    7   10   25   18    0  136    0 1325    0    3    2    2 1587 
   7   12   23   22    9    9   35   26    0  125    0 1415    0    2    2    1 1691 
   6   11    8   27    8    9   25   22    0  118    1 1187    1    2    2    3 1438 
   7   50    6   22    7   11   19   19    0  201    0 1339    0    2    1    2 1693 
   5    9    7   20    8    9   23   23    0  156    0 1302    0    3    1    1 1582 
   7   11    6   25    7    9   21   18    0  108    0 1275    0    3    1    2 1499 
   8   10    7   28    7    9   20   21    0  131    0 1231    0    2    1    3 1479 
   7   10    6   46    7   12   15   38    0  126    0 1384    0    2    2    2 1671 
   8   10    7   21    6    9   20   20    1  120    0 2476    0    2    1    2 2718 
   6   10   11   50    6   10   22   42    0  137    0 1350    0    2    2    2 1653 
   7   12    5   21    7   10   19   19    0  150    0 1318    0    4    6    2 1583 
   7   10    7   20    6    8   21   20    0  153    0 1367    0    3    1    2 1633 
   8   12    6   25   11   11   23   21    0  161    0 1311    0    2    1    1 1604 
   6   11    7   22    6    9  172   22    0  247    0 1277    0    2    1    2 1797 
   6   10    6   21    7    9   21   22    1  131    0 1203    0    2    2    2 1448 
   6    9    5   25    6    9   24   25    0  273    1 1347    1    3    2    4 1754 
   6   10    6   20    7   39   18   19    0  130    0 1111    0    2    1    1 1374 
   6   10   13   22    7    9   28   18    0  150    0 1396    1    3    1    2 1679 
   8   11    6   23    7   11   26   23    0  132    0 1758    0    4    2    2 2025 
   7    9    7   22    8    9   23   20    1  272    0 1408    0    2    1    2 1801 
   5    9    7   21    7    9   23   17    0  141    0 1149    0    3    1    2 1398 
   8   12   11   23    8   15   24   21    0  141    0 1320    0    2    1    2 1600 
   6   11   12   19    6   10   38   19    0  112    0 1237    0    2    1    1 1479 
   5   12    6   36    6    9   18   31    0  150    0 1302    0    3    1    1 1589 
   7   10    5   23    7    9   23   20    0  278    0 1286    0    3    2    2 1683 
   6   10    7   25   12   13   18   18    1  146    0 1431    1    2    1    2 1702 
   4   11    6   22    6    8   20   22    0  248    0 1265    1    2    2    3 1623 
   9   14    7   19    7    8   16   21    0  125    0 1377    0    2    1    1 1609 
   6   17    7   22    6   11   18   18    0  179    0 1253    0    2    2    2 1558 
   6   10    5   22    6   13   15   22    0  148    0 1297    0    2    1    1 1560 
   5   18    8   21    9    9   26   23    1  151    1 1311    0    2    1    2 1598 
   7   10    6   23   13   10   21   19    0  137    0 1416    0    2    1    1 1678 
   7   11    6   22    6    9   18   19    0  147    1 1253    0    2    2    2 1509 
  10   12    9   25    7  117   18   25    0  146    0 1315    1    3    2    2 1707 
 101   12    5   23    8   10   17   20    0  119    0 1447    0    2    2    3 1771 
   7   11    8   26    7   10   19   19    0  279    1 1438    1    4    1    2 1845 
   5   10    7   30    8   11   28   23    0  162    0 1391    0    2    1    1 1692 
   5   10    5   19    7   10   19   22    0  112    0 2100    0    2    2    3 2328 
   7   10    6   25    7    9   16   22    1  126    0 1362    0    3    1    1 1597 
   6   10    6   42    8   15   18   27    1  138    0 1312    0    3    4    2 1602 
   9   11    7   24    7    9   23   17    0  111    1 2665    0    3    2    2 2898 
  10   10    9   21    8   11   20   24    0  134    0 1323    1    2    1    2 1590 
   7   12    6   21    7    9   18   20    0  110    0 1141    0    2    2    2 1369 
   7   10    5   23    7    9   23   18    0  133    1 1114    1    3    1    2 1366 
   5   10    6   20   19   11   36   19    0  148    0 2395    0    2    1    2 2677 
   9   11    6   46    7   10   18   31    0  149    0 1389    0    3    2    2 1692 
   7   11    9   22    6    8   21   20    1  142    1 1360    0    2    1    2 1624 
   8   12    9   26    7    9   16   20    0  138    0 1408    0    2    2    2 1665 
   7   10   12   26   11    9   20   18    1  157    0 1383    1    3    2    3 1676 
   5   10    8   18    6    9   21   22    0  199    0 1359    0    2    2    2 1664 
   5    9    6   24    7   11   17   20    0  137    0 2436    0    3    1    2 2685 
   8   11    7   23    7   10   17   19    0  121    0 2539    0    2    2    2 2783 
   8    9    5   23    6    9   21   36    0  142    0 1347    0    2    2    2 1623 
   7   10    7   20    7    8   17   25    0  117    0 1209    0    2    1    2 1442 
   7    9    8   25   10   39   20  126    0  154    0 1400    0    2    2    1 1812 
   5   14    6   25    7    9   20   20    0  134    0 1465    0    3    2    2 1713 
   7   12    7   24    7    9   17   21    0  128    0 1135    0    2    1    2 1375 
   8   17    6   21    7   11   32   21    0  153    0 1290    0    2    2    3 1577 
   6   10    7   26    7   10   27   27    1  164    0 2305    0    3    2    2 2610 
   7   12    7   26   13    9   21   19    0  111    0 1316    0    2    2    2 1560 
   5   11    8   20    7    9   16   21    0  114    0 1380    0    3    2    2 1603 
   8   12    5   25    6    9   20   19    0  153    0 1441    0    3    2    2 1713 
   5   19    7   24    7    8   18   22    0  140    0 1306    0    2    2    2 1572 
   8   10    5   19    7    8   19   23    0  145    0 1199    0    3    2    2 1454 
   6   10    6   21    6    9   21   18    1  108    0 1150    0    2    2    1 1363 
   6   11    5   40    7   10   18   44    0  131    0 1452    0    3    2    1 1732 
  12   10    6   19    6    9   20   18    1  155    1 1413    0    2    1    2 1687 
   8   10    6   21    7    9   22   22    0  122    0 1135    0    3    1    3 1371 
   5    9    6   26    6    9   22   18    0  161    0 2397    0    2    2    2 2670 
   6   10    6   24    6    9   21   20    0  135    0 1159    1    3    2    7 1419 
   7   13    6   21    7   10   20   20    0  126    0 1382    0    2    1    2 1629 
   6    9    8   25   11   11   16   22    0  148    0 1223    0    2    1    2 1495 
   7   11    6   36    7   11   20   49    0  137    0 1329    0    2    2    2 1632 
   5   12    5   22    7    9   20   26    0  134    0 1388    0    2    1    1 1644 
   7   10    8   26    7   10   24   21    0  143    0 1518    0    3    1    2 1781 
   5   14    6   21    8   13   24   21    0  145    0 2505    1    3    2    2 2775 
   4   10    6   17    7   12   17   21    1  151    0 1275    0    2    1    2 1534 
  10   10    6   21    6    8   17   20    0  106    0 1258    0    2    2    2 1476 
   5   12    6   20    6    8   17   24    0  114    0 1090    1    3    2    2 1317 
  12   11    5   29    6   10   19   24    0  163    0 1302    0    2    1    1 1599 
   6   10    7   24    7   11   17   24    0  135    0 1125    0    2    2    2 1375 
   6   22    6   19    7   10   19   19    0  148    0 1570    1    2    1    2 1842 
   8   10    6   21    6   10   20   20    1  127    0 1220    0    2   14    3 1478 
   6   19    6   25   10    9   26   21    0  147    0 1367    0    2    1    1 1654 
   8   10    6   23    7   10   22   22    0  140    0 1290    1    2    1    2 1551 
   5   11    5   20    7    9   31   24    0  148    0 1433    1    3    2    2 1702 
   6   17    6   26    8   15   15   19    0  157    1 1470    0    3    2    2 1755 
   5    8    6   21    8    9   20   19    0  136    1 2351    0    1    1    2 2601 
   5   12    5   24    7    9   19   21    0  129    0 1321    0    2    1    2 1568 
  10   11    7   35    7   13   19   20    0  153    1 1314    0    3    2    3 1611 
   7   10    6   35   11    9   20   27    0  146    0 1360    0    2    1    2 1650 
   9   10    9   24    8   10   19   19    0  139    0 1111    0    3    1    2 1368 
   5   12    6   29    6   11   17   20    0  151    0 1412    0    3    1    2 1689 
   8    9    8   21    7    8   25   28    0  129    0 1320    0    2    1    2 1583 
   5   11    6   19    7   11   20   20    1  118    0 1535    0    3    1    2 1767 
   7   12    6   24    6    8   22   20    0  143    0 1239    0    2    1    2 1506 
   5   12    6   17    8   10   21   20    0  139    1 1397    0    2    2    2 1644 
   5   12   10   22    7   13   30   22    0  187    0 2660    0    2    2    2 2980 
   8   10    6   17    6   10   19   24    0  128    0 1084    0    2    1    1 1317 
   5   11    5   21    9    8   21   20    0  137    0 1325    0    2    2    1 1572 
   8   14    9   22    6    8   31   23    0  145    0 1335    0    3    2    2 1618 
   6   10    8   22    7   10   21   18    0  126    0 1199    1    2    1    1 1439 
   8   14    6   33    7   12   30   21    0  141    0 1411    0    3    2    2 1697 
   6   12    6   30    8    8   18   22    0  169    1 1434    0    3    2    2 1734 
  15   17    7   25    8   14   20   19    0  146    0 1227    0    2    1    2 1518 
   6   14   10   25    7   13   21   18    0  132    0 1111   11    3    1    2 1376 
   5   11    6   26   32   11   22   24    0  238    0 1320    0    3    2    3 1711 
   5   14    6   23    7   12   22   23    0  130    0 1372    0    3    1    2 1622 
   6    9    9   27    9   10   52   23    1  157    0 1477    0    3    4    3 1792 
   6   15    8   25    7   10   21   23    1  116    0 1370    0    3    2    2 1616 
   7   10    6   20    8   14   24   20    0  143    0 1389    0    3    2    2 1653 
   8   11   11   25    9    9   16   41    0  156    0 1298    0    2    1    2 1592 
   6   13    6   22    7    9   20   28    0  127    0 1147    7    2    2    2 1407 
   7   11    4   23    7   19   17   25    1  144    1 1356    1    2    1    2 1629 
   8   10    6   24   12   11   24   20    0  123    0 1401    0    3    1    2 1646 
   8   11    6   26    9    8   15   19    0  133    0 1495    0    3    1    2 1750 
   8    9    7   24   31    9   22   19    1  138    0 1371    0    2    6    1 1653 
   7    9   12   21    9   12   25   22    0  163    0 1297    0    2    1    2 1594 
   7   11    5   21    6    8   17   24    0  145    0 1400    0    2    2    2 1661 
   7   10    5   19    7   12   16   19    0  121    0 1364    0    2    1    1 1591 
   6   10    7   18    8   10   44   18    0  145    0 1220    0    2    1    1 1495 
   6   11    6   24    8   10   24   19    1  154    0 1390    1    2    1    2 1674 
   7   12    7   21    7    9   18   19    0  149    0 1271    0    2    2    2 1539 
   5   10    6   19    7    8   19   21    1  153    0 1327    0    2    2    2 1587 
   5   12   11   28   11    9   25   17    0  112    0 1339    0    2    1    2 1585 
   6   11    6   23    7    9   28   18    0  175    0 1324    0    2    1    2 1617 
   7   12    6   22    7   10   24   20    0  116    0 1283    1    3    4    3 1527 
   7   11    6   25   11    9   20   22    0  293    0 1405    1    2    1    2 1830 
   8   11    6   20    7   12   22   19    0  130    0 1147    0    2    2    2 1400 
   8   11   11   24    7   10   19   18    0  108    1 1072    0    2    1    2 1296 
  10   10    6   21    6   12   17   20    1  129    0 1287    0    2    2    2 1527 
   7    9    6   21    6   10   31   21    0  135    0 1256    0    2    2    2 1520 
   6   12    7   32    7    9   19   21    0  115    0 1120    0    2    1    2 1366 
   5    9    9   22    7    9   23   19    0  171    1 1052    0    3    1    2 1340 
   6    9    5   22    7    9   18   23    0  111    0 1048    0    3    1    2 1275 
   7    9    7   23    6   17   21   22    0  172    0 1368    0    2    1    2 1660 
   7   16   10   20   17    9   22   19    0  315    0 1408    1    3    5    2 1855 
   7   12    8   24    7    9   19   23    0  150    0 1137    0    3    2    2 1410 
   7   24    6   23    9   12   19   43    0  156    0 1320    0    2    1    1 1635 
   6   10    7   38    8   15   23   41    0  141    0 1291    0    2    1    2 1599 
  10    9    5   22    6    9   16   32    0  117    0 1115    0    2    1    2 1355 
   8   10    7   24    6   10   21   19    0  107    0 1131    0    2    1    2 1355 
   6    9    6   22    7    9   30   22    0  175    0 1360    0    2    2    2 1666 
   5   11    7   37    9   11   17   39    0  152    0 1333    0    2    1    3 1633 
   6   12    6   40  168   12   23   47    0  147    0 1458    1    3    2    2 1937 
   8    9    9   27   10    9   20   20    0  136    0 1297    1    3    2    3 1568 
   6   15    6   22    6   10   31   19    0  144    0 1433    0    3    2    6 1709 
   6   12    5   25    9    9   21   21    0  132    0 1129    0    3    1    2 1377 
   7   10    6   27    7   11   20   19    1  287    0 1413    0    3    1    1 1827 
   5   11    6   22    7    9   22   19    0  136    0 2613    0    2    2    1 2859 
