1422916106887 31
1422916167502 41
1422916228116 34
1422916288724 37
1422916349323 29
1422916409914 36
1422916470611 39
1422916531229 32
1422916591822 35
1422916652437 29
1422916713074 35
1422916773663 29
1422916834245 33
1422916894878 36
1422916955474 30
1422917016175 76
1422917076773 36
1422917137376 35
1422917198017 39
1422917258636 51
1422917319242 30
1422917379912 37
1422917440562 31
1422917501231 37
1422917561854 39
1422917622441 32
1422917683057 39
1422917743671 46
1422917804375 34
1422917864968 34
1422917925587 37
1422917986188 30
1422918046760 29
1422918107339 29
1422918167910 29
1422918228537 32
1422918289172 70
1422918349771 31
1422918410361 27
1422918470960 34
1422918531543 28
1422918592151 29
1422918652774 31
1422918713356 28
1422918774002 42
1422918834598 33
1422918895272 34
1422918955879 33
1422919016484 30
1422919077063 29
1422919137640 30
1422919198245 33
1422919258894 33
1422919319515 33
1422919380125 34
1422919440704 29
1422919501293 28
1422919561927 31
1422919622550 35
1422919683161 31
1422919743793 45
1422919804387 30
1422919865005 30
1422919925609 35
1422919986215 37
1422920046832 36
1422920107431 32
1422920168057 34
1422920228628 25
1422920289228 40
1422920349808 36
1422920410391 28
1422920471010 27
1422920531673 37
1422920592246 28
1422920652844 29
1422920713425 28
1422920774024 32
1422920834603 33
1422920895209 29
1422920955811 27
1422921016400 44
1422921077029 31
1422921137675 30
1422921198286 29
1422921258929 32
1422921319517 24
1422921380126 29
1422921440750 44
1422921501352 32
1422921561981 30
1422921622577 34
1422921683190 34
1422921743826 31
1422921804428 31
1422921865031 31
1422921925615 31
1422921986246 31
1422922046833 27
1422922107444 30
1422922168049 32
1422922228678 29
1422922289270 31
1422922349921 59
1422922410530 26
1422922471168 44
1422922531771 24
1422922592373 31
1422922652957 30
1422922713569 31
1422922774186 30
1422922834784 31
1422922895390 26
1422922955999 38
1422923016599 30
1422923077194 33
1422923137802 29
1422923198399 33
1422923259015 38
1422923319605 35
1422923380231 43
1422923440843 33
1422923501430 27
1422923562036 30
1422923622624 25
1422923683224 31
1422923743810 30
1422923804398 29
1422923864990 28
1422923925587 39
1422923986178 29
1422924046802 34
1422924107489 45
1422924168109 38
1422924228716 28
1422924289321 31
1422924349900 30
1422924410546 51
1422924471169 29
1422924531766 31
1422924592369 28
1422924652984 30
1422924713597 25
1422924774229 45
1422924834845 30
1422924895502 45
1422924956134 25
1422925016747 35
1422925077349 30
1422925138005 27
1422925198598 30
1422925259211 29
1422925319849 29
1422925380493 46
1422925441102 30
1422925501706 31
1422925562899 32
1422925623497 30
1422925684072 24
1422925744683 28
1422925805266 31
1422925865954 30
1422925926582 37
1422925987228 28
1422926047819 24
1422926108430 26
1422926169025 37
1422926229653 67
1422926290249 29
1422926350852 44
1422926411456 32
1422926472078 29
1422926532685 29
1422926593268 33
1422926653855 28
1422926714464 44
1422926775094 28
1422926835663 26
1422926896776 27
1422926957387 30
1422927017999 31
1422927078608 40
1422927139181 28
1422927199772 39
1422927260385 29
1422927320988 30
1422927381567 30
1422927442147 30
1422927502744 30
1422927563385 33
1422927623979 32
1422927684613 40
1422927745195 28
1422927805796 30
1422927866408 28
1422927927011 31
1422927987603 31
1422928048194 29
1422928108785 32
1422928169368 31
1422928229979 30
1422928290605 29
1422928351212 32
1422928411847 38
1422928472956 30
1422928533565 32
1422928594167 30
1422928654759 30
1422928715384 29
1422928775986 31
1422928836587 35
1422928897186 31
1422928957819 33
1422929018478 40
1422929079079 29
1422929139686 38
1422929200281 31
1422929260898 31
1422929321490 31
1422929382092 43
1422929442680 29
1422929503266 33
1422929563869 26
1422929624491 39
1422929685106 34
1422929745737 34
1422929806348 58
1422929866960 39
1422929927620 33
1422929988239 32
1422930048877 42
1422930109479 31
1422930170078 30
1422930230656 28
1422930291266 27
1422930351870 34
1422930412456 29
1422930473055 29
1422930533648 41
1422930594255 33
1422930654846 28
1422930715448 34
1422930776062 32
1422930836719 61
1422930897330 40
1422930957954 37
1422931018551 26
1422931079174 34
1422931139785 34
1422931200410 35
1422931261020 35
1422931321662 29
1422931382266 31
1422931442928 43
1422931503522 34
1422931564117 29
1422931624716 28
1422931685322 41
1422931745941 34
1422931806543 35
1422931867167 39
1422931927757 34
1422931988395 39
1422932048981 32
1422932109574 26
1422932170170 33
1422932230797 28
1422932291393 30
1422932352027 38
1422932412628 33
1422932473216 28
1422932533808 30
1422932594419 33
1422932655027 32
1422932715633 28
1422932776213 29
1422932836799 28
1422932897394 38
1422932958001 29
1422933018619 33
1422933079216 26
1422933139837 36
1422933200443 27
1422933261047 30
1422933321660 39
1422933382288 37
1422933442887 28
1422933503498 36
1422933564105 31
1422933624697 31
1422933685317 40
1422933745954 38
1422933806585 25
1422933867185 32
1422933927804 26
1422933988442 36
1422934049049 28
1422934109648 35
1422934170251 26
1422934230857 30
1422934291449 25
1422934352048 37
1422934412650 29
1422934473259 36
1422934533856 30
1422934594505 31
1422934655133 32
1422934715723 29
1422934776343 32
1422934836926 30
1422934897541 33
1422934958147 33
1422935018760 26
1422935079410 37
1422935140001 32
1422935200607 33
1422935261211 31
1422935321815 31
1422935382424 30
1422935443021 33
1422935503653 57
1422935564275 30
1422935624878 33
1422935685471 33
1422935746091 27
1422935806712 30
1422935867325 30
1422935928454 40
1422935989045 32
1422936050162 30
1422936110778 30
1422936171375 32
1422936231978 34
1422936292581 33
1422936353190 38
1422936413795 35
1422936474428 32
1422936535019 30
1422936595636 30
1422936656230 35
1422936716826 27
1422936777422 34
1422936838031 47
1422936898634 37
1422936959310 44
1422937019929 30
1422937080528 39
1422937141170 39
1422937201766 31
1422937262376 30
1422937323420 33
1422937384029 30
1422937444616 34
1422937505216 31
1422937565821 31
1422937626437 32
1422937687036 31
1422937747653 32
1422937808242 33
1422937868845 32
1422937929460 29
1422937990046 28
1422938050655 31
1422938111251 26
1422938171853 31
1422938232463 33
1422938293042 30
1422938353666 32
1422938414285 30
1422938474881 26
1422938535500 35
1422938596108 33
1422938656698 31
1422938717323 32
1422938777952 37
1422938838548 28
1422938899151 31
1422938959752 40
1422939020384 31
1422939080999 37
1422939141637 40
1422939202269 28
1422939262874 31
1422939323477 39
1422939384078 28
1422939444709 34
1422939505326 45
1422939565955 27
1422939626562 31
1422939687176 30
1422939747796 33
1422939808401 38
1422939869002 30
1422939929623 30
1422939990237 39
1422940050847 31
1422940111443 37
1422940172040 30
1422940232645 33
1422940293260 28
1422940353927 35
1422940414545 28
1422940475169 41
1422940535795 32
1422940596432 30
1422940657026 26
1422940717646 32
1422940778260 32
1422940838871 30
1422940899452 30
1422940960085 31
1422941020701 40
1422941081497 30
1422941142109 32
1422941202717 29
1422941263934 59
1422941324568 31
1422941385200 28
1422941445801 28
1422941506398 31
1422941566993 37
1422941627593 34
1422941688726 30
1422941749313 29
1422941809917 30
1422941870510 33
1422941931096 30
1422941991702 43
1422942052877 51
1422942113488 32
1422942174104 29
1422942234734 33
1422942295356 30
1422942355941 33
1422942416565 34
1422942477169 27
1422942537781 33
1422942598409 39
1422942659119 34
1422942719712 29
1422942780316 33
1422942840944 31
1422942901588 36
1422942962209 31
1422943022830 29
1422943083435 32
1422943144071 29
1422943204717 28
1422943266372 54
1422943327052 32
1422943387748 29
1422943449428 615
1422943510233 39
1422943570895 35
1422943631508 37
1422943692113 34
1422943752705 28
1422943813827 28
1422943874433 38
1422943935022 26
1422943995627 38
1422944056239 31
1422944116874 34
1422944177499 27
1422944238125 37
1422944298734 42
1422944359338 31
1422944419931 35
1422944480592 35
1422944541212 25
1422944601828 43
1422944662459 29
1422944723086 29
1422944783690 29
1422944844323 47
1422944904957 26
1422944965578 36
1422945026214 26
1422945086809 29
1422945147446 29
1422945208081 44
1422945268682 28
1422945329290 36
1422945389912 36
1422945450520 31
1422945511131 37
1422945571747 34
1422945632334 28
1422945692931 31
1422945753525 28
1422945814127 30
1422945874724 25
1422945935326 31
1422945995917 31
1422946056510 32
1422946117110 27
1422946177723 34
1422946238357 30
1422946298947 30
1422946359566 26
1422946420713 30
1422946481302 27
1422946541925 34
1422946602528 31
1422946663134 36
1422946723719 26
1422946784478 77
1422946845069 24
1422946905691 32
1422946966287 29
1422947026903 32
1422947087511 30
1422947148110 31
1422947208752 29
1422947269455 35
1422947330064 27
1422947390673 30
1422947451784 25
1422947512420 32
1422947573112 29
1422947633713 28
1422947694316 26
1422947754925 29
1422947815520 25
1422947876142 29
1422947936797 32
1422947997398 31
1422948058016 27
1422948118661 31
1422948179274 28
1422948239887 38
1422948300494 39
1422948361110 32
1422948421768 30
1422948482379 31
1422948542988 43
1422948603598 34
1422948664204 31
1422948724858 40
1422948785453 29
1422948846035 31
1422948906643 31
1422948967251 30
1422949027896 55
1422949088487 28
1422949149078 27
1422949209700 38
1422949270298 25
1422949330920 34
1422949391508 29
1422949452105 32
1422949512812 29
1422949573445 30
1422949634049 26
1422949694653 32
1422949755247 30
1422949815879 29
1422949876506 32
1422949937108 34
1422949997726 45
1422950058348 35
1422950118992 35
1422950179600 32
1422950240624 59
1422950301211 33
1422950361816 34
1422950422966 43
1422950483571 30
1422950544199 36
1422950604816 28
1422950665444 56
1422950726059 33
1422950786675 31
1422950847293 36
1422950907911 29
1422950968532 30
1422951029170 32
1422951089797 29
1422951150420 31
1422951211013 30
1422951271626 28
1422951332255 30
1422951392890 30
1422951453549 27
1422951514165 32
1422951574856 46
1422951635468 30
1422951696092 27
1422951756718 55
1422951817321 25
1422951877921 33
1422951938584 31
1422951999194 32
1422952059848 36
1422952120455 34
1422952181060 28
1422952241677 30
1422952302272 29
1422952362872 28
1422952423543 36
1422952484158 28
1422952544800 57
1422952605466 31
1422952666086 33
1422952726734 31
1422952787340 25
1422952847980 30
1422952908592 28
1422952969211 30
1422953029818 30
1422953090439 28
1422953151061 31
1422953211661 28
1422953272260 29
1422953332876 32
1422953393471 30
1422953454062 30
1422953515175 28
1422953575804 42
1422953636957 32
1422953697584 30
1422953758195 32
1422953818847 28
1422953879445 26
1422953940049 31
1422954000672 26
1422954061266 35
1422954121932 32
1422954183081 31
1422954243736 31
1422954304396 28
1422954364982 34
1422954425590 32
1422954486209 32
1422954546791 29
1422954607390 28
1422954667989 30
1422954728609 34
1422954789242 32
1422954849840 29
1422954910715 35
1422954971346 26
1422955031942 37
1422955092545 35
1422955153181 45
1422955213821 36
1422955274420 35
1422955335072 40
1422955395683 35
1422955456806 31
1422955517410 33
1422955578010 34
1422955638637 29
1422955699276 29
1422955759882 32
1422955820489 35
1422955881090 33
1422955941724 39
1422956002346 32
1422956063153 28
1422956123788 34
1422956184409 35
1422956245027 31
1422956305639 27
1422956366234 32
1422956426825 26
1422956487423 31
1422956548016 28
1422956608607 30
1422956669206 33
1422956729811 30
1422956790419 31
1422956851042 30
1422956911649 47
1422956972264 35
1422957032884 35
1422957093507 38
1422957154130 27
1422957214743 29
1422957275341 33
1422957335937 31
1422957396550 35
1422957457173 35
1422957517863 28
1422957578501 30
1422957639126 32
1422957699726 29
1422957760350 33
1422957820953 30
1422957881561 24
1422957942161 30
1422958002807 32
1422958063433 30
1422958124033 30
1422958184639 33
1422958245246 30
1422958305856 31
1422958366465 29
1422958427109 31
1422958487710 33
1422958548322 30
1422958608922 30
1422958669559 36
1422958730177 33
1422958790789 40
1422958851399 31
1422958912012 35
1422958972619 26
1422959033286 36
1422959093902 37
1422959154536 30
1422959215170 35
1422959275794 34
1422959336998 44
1422959397642 31
1422959458242 29
1422959518842 31
1422959579486 46
1422959640132 32
1422959700739 27
1422959761345 34
1422959821994 34
1422959882679 37
1422959943307 34
1422960003933 31
1422960064553 29
1422960125176 28
1422960185806 29
1422960246453 38
1422960307064 29
1422960367669 30
1422960428262 29
1422960488856 28
1422960549449 30
1422960610050 34
1422960670664 30
1422960731278 36
1422960792405 26
1422960853013 31
1422960913638 41
1422960974252 29
1422961034862 31
1422961095503 30
1422961156118 26
1422961216742 28
1422961277360 36
1422961338508 40
1422961399159 28
1422961460295 33
1422961520947 29
1422961581562 39
1422961642188 34
1422961702791 33
1422961763406 36
1422961824013 34
1422961884632 30
1422961945231 29
1422962005877 30
1422962066523 35
1422962127646 28
1422962188253 32
1422962248861 28
1422962309474 30
1422962370651 33
1422962431296 33
1422962491968 36
1422962552597 33
1422962613748 27
1422962674352 32
1422962734975 35
1422962795586 30
1422962856235 31
1422962916863 31
1422962977484 28
1422963038104 28
1422963098695 32
1422963159311 31
1422963219923 28
1422963280970 35
1422963341560 28
1422963402161 30
1422963463306 29
1422963523937 40
1422963584551 30
1422963645174 33
1422963705793 35
1422963766387 26
1422963827012 29
1422963887613 36
1422963948238 34
1422964008845 33
1422964069505 62
1422964130109 27
1422964190746 31
1422964251380 33
1422964312016 33
1422964372647 39
1422964433285 38
1422964493882 31
1422964554493 33
1422964615111 29
1422964675739 28
1422964736349 47
1422964797032 29
1422964857691 41
1422964918322 31
1422964978962 42
1422965039586 30
1422965100213 30
1422965160889 32
1422965221491 27
1422965282134 34
1422965342764 30
1422965403384 33
1422965464003 31
1422965524636 29
1422965585262 26
1422965646387 29
1422965707086 44
1422965767715 35
1422965828341 31
1422965888951 29
1422965949581 26
1422966010180 31
1422966070795 32
1422966131419 32
1422966192038 41
1422966252649 31
1422966313369 28
1422966373987 35
1422966434593 29
1422966496280 30
1422966556903 25
1422966617526 44
1422966678677 28
1422966739299 39
1422966799947 33
1422966861087 37
1422966921747 75
1422966982377 47
1422967043299 28
1422967103915 31
1422967164500 34
1422967225134 31
1422967285920 30
1422967346529 32
1422967407147 32
1422967467772 43
1422967528396 29
1422967589014 39
1422967649607 25
1422967710216 30
1422967770821 26
1422967831429 30
1422967892069 32
1422967952821 27
1422968013431 27
1422968074047 30
1422968134659 25
1422968195260 33
1422968255901 33
1422968316572 37
1422968377199 32
1422968438335 30
1422968498959 27
1422968559563 36
1422968620164 28
1422968680796 47
1422968741971 40
1422968802587 28
1422968863206 29
1422968923859 35
1422968984519 55
1422969045136 36
1422969105752 28
1422969166389 29
1422969226997 31
1422969288122 28
1422969348709 31
1422969409356 33
1422969469972 27
1422969531118 27
1422969591717 25
1422969652307 27
1422969712972 33
1422969773628 30
1422969834500 27
1422969895127 30
1422969955743 27
1422970016449 52
1422970077149 59
1422970137762 34
1422970198363 28
1422970258968 31
1422970319592 30
1422970380250 34
1422970440875 30
1422970501531 43
1422970562178 31
1422970622801 33
1422970684597 33
1422970745251 56
1422970805887 42
1422970866493 30
1422970927154 45
1422970987774 37
1422971048944 25
1422971109553 30
1422971170165 26
1422971230821 44
1422971291448 25
1422971352052 29
1422971412681 38
1422971473301 36
1422971533987 36
1422971594593 29
1422971655213 33
1422971715929 34
1422971777062 29
1422971838196 38
1422971899323 24
1422971959929 29
1422972020533 26
1422972081179 36
1422972141814 29
1422972202431 28
1422972263052 26
1422972324220 28
1422972384842 29
1422972445445 29
1422972506086 31
1422972566696 32
1422972627314 31
1422972687924 30
1422972748520 24
1422972809420 38
1422972870042 31
1422972930687 38
1422972991305 32
1422973051939 34
1422973112564 26
1422973173218 32
1422973233861 24
1422973294467 30
1422973355084 29
1422973415727 39
1422973476366 35
1422973537025 29
1422973597678 28
1422973658286 29
1422973718994 46
1422973779594 32
1422973840278 28
1422973900904 44
1422973961561 29
1422974022184 31
1422974082827 35
1422974143984 31
1422974205109 27
1422974265731 31
1422974326343 31
1422974387013 56
1422974447650 28
1422974508263 32
1422974568922 25
1422974629547 31
1422974690148 28
1422974750769 30
1422974811388 34
1422974872026 39
1422974932696 56
1422974993337 29
1422975053930 26
1422975114562 29
1422975175173 30
1422975235788 28
1422975296412 27
1422975357071 32
1422975417679 30
1422975478297 31
1422975538915 29
1422975599569 40
1422975660185 27
1422975720806 33
1422975781411 31
1422975842104 42
1422975902855 31
1422975963506 28
1422976024135 30
1422976084772 33
1422976145909 32
1422976206568 34
1422976267178 33
1422976327853 50
1422976388482 34
1422976449110 35
1422976509708 30
1422976570346 29
1422976630987 31
1422976691621 31
1422976752229 32
1422976812927 113
1422976873528 34
1422976934184 33
1422976994820 38
1422977055437 36
1422977116095 43
1422977177236 35
1422977237873 40
1422977299023 29
1422977359660 32
1422977420293 61
1422977480891 29
1422977541489 29
1422977602090 25
1422977662701 30
1422977723320 32
1422977783960 33
1422977844587 35
1422977905201 30
1422977965828 28
1422978026437 30
1422978087049 28
1422978147682 36
1422978208552 28
1422978269184 34
1422978329869 54
1422978390513 29
1422978451135 25
1422978511822 41
1422978572428 29
1422978633044 30
1422978693682 40
1422978754309 36
1422978814945 34
1422978875554 30
1422978936231 30
1422978996870 54
1422979058043 31
1422979118692 34
1422979179343 33
1422979239961 30
1422979300584 40
1422979361183 27
1422979421790 29
1422979482424 31
1422979543066 31
1422979603717 32
1422979664425 28
1422979725061 36
1422979785704 35
1422979846321 31
1422979906973 30
1422979967607 31
1422980028251 35
1422980089106 35
1422980149759 32
1422980210406 31
1422980271179 32
1422980331824 35
1422980392441 23
1422980453070 28
1422980513691 27
1422980574318 30
1422980634961 31
1422980695606 44
1422980756216 25
1422980816830 28
1422980877443 27
1422980938066 33
1422980998673 29
1422981059293 31
1422981119915 26
1422981180602 32
1422981241246 28
1422981301898 31
1422981362623 30
1422981423284 37
1422981483934 36
1422981544614 39
1422981605229 28
1422981665839 29
1422981726493 40
1422981787646 36
1422981848265 29
1422981908909 35
1422981969603 36
1422982030240 29
1422982091395 48
1422982152017 31
1422982212663 50
1422982273271 28
1422982333966 33
1422982394574 28
1422982455206 28
1422982516380 32
1422982577001 29
1422982637624 30
1422982698255 31
1422982758933 32
1422982819572 34
1422982880194 29
1422982940803 28
1422983001405 29
1422983062541 29
1422983123176 31
1422983183865 43
1422983244510 39
1422983305162 28
1422983365790 36
1422983426398 29
1422983487553 35
1422983548165 30
1422983608799 38
1422983669424 26
1422983730100 37
1422983790731 31
1422983851349 44
1422983911974 38
1422983972635 29
1422984033303 36
1422984094023 32
1422984154659 30
1422984215293 33
1422984275895 31
1422984336551 29
1422984397146 26
1422984457748 32
1422984518396 31
1422984578999 28
1422984639652 40
1422984700264 31
1422984760879 32
1422984821487 31
1422984882125 31
1422984942763 28
1422985003417 31
1422985064046 33
1422985125192 39
1422985185796 35
1422985246411 28
1422985307046 29
1422985367664 30
1422985428289 30
1422985488943 27
1422985549547 30
1422985610155 30
1422985670797 29
1422985731439 30
1422985792089 30
1422985852694 28
1422985913322 31
1422985973980 29
1422986035178 40
1422986095811 31
1422986156945 34
1422986217557 33
1422986278220 30
1422986338848 29
1422986399481 30
1422986460104 30
1422986520719 30
1422986581353 32
1422986641997 30
1422986702666 42
1422986763360 45
1422986824050 32
1422986884671 29
1422986945305 28
1422987005908 32
1422987066543 27
1422987127240 31
1422987187854 32
1422987248516 41
1422987309140 30
1422987369780 55
1422987430426 36
1422987491095 31
1422987551738 32
1422987612368 31
1422987673018 37
1422987733641 30
1422987794264 31
1422987854909 36
1422987915529 30
1422987976178 29
1422988036830 53
1422988097473 32
1422988158115 29
1422988218734 32
1422988279422 29
1422988340089 36
1422988400742 45
1422988461344 28
1422988521949 30
1422988582889 31
1422988643537 35
1422988704161 29
1422988764810 31
1422988825418 30
1422988886060 33
1422988946694 29
1422989007338 39
1422989067997 32
1422989128647 28
1422989189271 29
1422989249929 29
1422989310556 28
1422989371191 37
1422989431812 31
1422989492504 32
1422989553683 30
1422989614319 28
1422989674944 36
1422989735577 32
1422989796200 30
1422989857912 35
1422989918562 51
1422989979194 30
1422990039837 37
1422990100487 40
1422990161621 28
1422990222242 34
1422990282897 34
1422990343538 33
1422990404163 31
1422990464832 30
1422990525471 38
1422990586625 29
1422990647763 26
1422990708390 32
1422990769027 28
1422990829672 31
1422990890294 34
1422990950989 30
1422991011616 30
1422991072230 29
1422991132856 33
1422991193490 28
1422991254108 32
1422991314726 32
1422991375324 29
1422991435942 30
1422991496587 30
1422991557246 29
1422991617872 31
1422991678486 28
1422991739640 37
1422991800728 31
1422991861343 34
1422991922000 36
1422991982662 38
1422992043329 39
1422992103938 28
1422992164595 36
1422992225229 31
1422992285883 28
1422992346508 28
1422992407122 29
1422992467773 30
1422992528418 29
1422992589089 31
1422992649736 30
1422992710352 25
1422992770984 29
1422992831627 29
1422992892279 28
1422992952913 33
1422993013586 32
1422993074625 27
1422993135271 31
1422993195974 37
1422993256607 34
1422993317232 30
1422993378049 30
1422993438696 27
1422993499685 31
1422993560308 32
1422993620936 29
1422993681584 30
1422993742211 32
1422993802860 31
1422993863533 40
1422993924139 28
1422993984747 33
1422994045386 29
1422994106001 31
1422994166601 24
1422994227215 33
1422994287876 32
1422994348482 33
1422994409614 28
1422994470235 29
1422994531143 34
1422994591824 51
1422994652487 30
1422994713094 29
1422994773712 31
1422994834362 32
1422994894996 28
1422994955671 36
1422995016336 31
1422995076934 28
1422995138099 35
1422995198792 34
1422995259406 27
1422995320049 37
1422995380680 32
1422995441288 28
1422995501934 29
1422995562596 29
1422995623268 28
1422995683909 32
1422995745053 27
1422995805681 32
1422995866283 28
1422995927420 29
1422995988049 27
1422996049268 71
1422996109898 28
1422996170560 31
1422996231196 34
1422996291855 34
1422996352537 39
1422996413173 28
1422996473792 30
1422996534416 28
1422996595041 29
1422996655666 36
1422996716335 28
1422996777012 31
1422996837616 28
1422996898246 32
1422996958866 31
1422997019501 28
1422997080162 34
1422997140800 29
1422997201448 35
1422997262100 32
1422997322758 31
1422997383398 40
1422997444033 28
1422997504695 34
1422997565331 31
1422997626494 29
1422997687118 31
1422997747736 29
1422997808506 68
1422997869125 29
1422997929849 47
1422997990511 37
1422998051165 29
1422998111808 38
1422998172563 30
1422998233239 32
1422998293865 33
1422998354536 30
1422998415164 28
1422998475784 31
1422998536427 31
1422998597062 32
1422998657737 48
1422998718364 31
1422998778974 29
1422998839648 33
1422998900313 29
1422998960976 42
1422999021645 29
1422999082265 33
1422999142961 31
1422999203602 40
1422999264250 27
1422999324973 115
1422999385594 26
1422999446204 37
1422999507365 31
1422999567974 30
1422999628654 30
1422999689559 31
1422999750742 34
1422999811382 34
1422999872018 36
1422999932686 35
1422999993530 28
1423000054175 35
1423000114801 32
1423000175421 29
1423000236072 30
1423000296703 30
1423000357329 26
1423000418015 29
1423000478685 25
1423000539327 37
1423000599974 30
1423000660609 30
1423000721214 28
1423000782402 35
1423000843326 33
1423000903965 33
1423000964645 36
1423001025273 31
1423001085920 30
1423001146552 29
1423001207214 28
1423001267813 31
1423001328426 28
1423001389559 29
1423001450186 25
1423001510845 31
1423001571466 29
1423001632065 33
1423001692693 28
1423001753347 31
1423001813996 37
1423001874657 45
1423001935297 30
1423001995987 34
1423002056632 31
1423002117275 36
1423002177949 31
1423002238609 27
1423002299320 28
1423002359999 39
1423002420651 50
1423002481287 29
1423002541980 51
1423002602672 34
1423002663332 44
1423002724078 34
1423002784774 38
1423002845410 32
1423002906040 29
1423002966692 38
1423003027328 27
1423003087973 29
1423003148651 31
1423003209791 30
1423003270404 31
1423003331051 37
1423003391658 27
1423003452296 29
1423003512933 35
1423003573540 34
1423003634160 29
1423003694776 29
1423003755499 33
1423003816539 30
1423003877174 29
1423003937799 30
1423003998442 34
1423004059084 34
1423004119747 32
1423004180379 30
1423004240986 29
1423004301623 36
1423004362783 32
1423004423428 33
1423004484589 26
1423004545190 27
1423004605837 30
1423004666464 28
1423004727086 30
1423004787759 39
1423004848373 25
1423004909008 29
1423004969980 30
1423005030610 29
1423005091234 35
1423005151926 41
1423005212628 26
1423005273360 35
1423005333970 30
1423005394612 32
1423005455254 30
1423005515951 39
1423005576626 31
1423005637251 31
1423005697885 36
1423005758531 38
1423005819170 29
1423005880339 33
1423005941004 32
1423006001634 30
1423006062259 27
1423006122906 45
1423006183548 30
1423006244190 30
1423006304808 27
1423006365432 33
1423006426059 30
1423006486696 30
1423006547314 30
1423006607946 35
1423006668572 30
1423006729209 32
1423006789870 43
1423006850524 35
1423006911566 29
1423006972238 36
1423007032866 28
1423007093474 34
1423007154630 29
1423007215277 42
1423007275905 28
1423007336591 31
1423007397241 26
1423007457878 33
1423007518494 29
1423007579135 33
1423007639777 30
1423007700406 36
1423007761612 32
1423007822320 41
1423007882953 30
1423007943578 29
1423008004214 35
1423008064852 33
1423008125999 26
1423008186644 39
1423008247282 28
1423008307928 36
1423008368560 30
1423008429216 47
1423008490380 28
1423008551103 46
1423008611748 34
1423008672397 29
1423008733080 30
1423008793727 35
1423008854377 30
1423008915018 30
1423008975643 30
1423009036271 33
1423009096935 54
1423009157566 31
1423009218205 29
1423009278833 32
1423009339457 28
1423009400211 29
1423009460822 29
1423009521986 33
1423009582612 29
1423009643218 28
1423009703936 40
1423009764552 31
1423009825188 29
1423009885840 33
1423009946483 31
1423010007110 30
1423010067729 28
1423010128424 31
1423010189055 32
1423010249765 36
1423010310509 28
1423010371158 27
1423010431773 30
1423010492395 32
1423010553084 32
1423010614239 32
1423010674858 32
1423010735523 31
1423010796662 29
1423010857299 30
1423010917947 43
1423010978591 34
1423011039217 26
1423011099850 29
1423011160523 53
1423011221185 34
1423011281806 28
1423011342931 32
1423011403575 30
1423011464256 34
1423011524946 40
1423011585603 29
1423011646275 30
1423011706922 31
1423011767579 31
1423011828228 36
1423011888859 46
1423011949481 30
1423012010143 30
1423012070794 31
1423012131963 34
1423012192626 25
1423012253313 31
1423012313984 47
1423012374713 41
1423012435344 39
1423012496005 28
1423012556664 36
1423012617275 30
1423012677921 51
1423012738547 29
1423012799177 31
1423012859840 33
1423012920484 33
1423012981178 32
1423013041825 32
1423013102517 31
1423013163156 31
1423013223813 26
1423013284466 28
1423013345079 28
1423013405714 34
1423013466463 35
1423013527145 38
1423013587811 29
1423013648979 33
1423013709602 30
1423013770774 32
1423013831424 34
1423013892154 31
1423013952858 29
1423014013500 31
1423014074626 31
1423014135287 34
1423014195911 43
1423014256541 32
1423014317179 32
1423014377800 26
1423014438443 34
1423014499068 31
1423014559741 39
1423014620906 34
1423014681549 24
1423014742226 26
1423014803372 33
1423014864060 47
1423014924704 29
1423014985405 33
1423015046043 27
1423015107270 32
1423015167914 29
1423015228577 38
1423015289246 30
1423015349910 29
1423015411115 41
1423015471773 29
1423015532400 30
1423015593030 32
1423015653644 33
1423015714281 29
1423015775016 32
1423015835642 28
1423015896373 38
1423015957023 35
1423016017678 34
1423016078318 29
1423016141113 36
1423016201738 31
1423016262365 28
1423016323022 34
1423016383682 29
1423016444366 33
1423016505023 34
1423016565687 26
1423016626327 25
1423016686968 32
1423016748126 29
1423016809097 32
1423016869739 31
1423016930382 27
1423016991082 32
1423017051706 28
1423017112323 31
1423017172973 29
1423017233641 31
1423017294279 26
1423017354920 31
1423017415551 30
1423017476194 32
1423017536843 31
1423017598031 38
1423017658677 32
1423017719740 262
1423017780460 30
1423017841190 41
1423017901917 33
1423017962615 36
1423018023804 34
1423018084463 29
1423018145156 31
1423018205867 28
1423018266543 33
1423018327175 30
1423018387806 30
1423018448467 31
1423018509076 31
1423018569722 30
1423018630352 30
1423018691007 29
1423018751669 33
1423018812347 31
1423018872982 30
1423018933663 29
1423018994310 31
1423019055469 31
1423019116113 27
1423019176778 31
1423019237965 32
1423019298614 29
1423019359250 32
1423019419907 32
1423019480521 28
1423019541144 32
1423019601765 39
1423019662430 39
1423019723078 35
1423019783718 28
1423019844408 31
1423019905091 28
1423019965722 36
1423020026356 28
1423020087049 52
1423020147692 32
1423020208386 33
1423020269016 29
1423020329645 30
1423020390267 30
1423020451032 35
1423020511672 37
1423020572302 30
1423020632959 33
1423020693610 35
1423020754761 28
1423020815673 31
1423020876304 32
1423020936949 35
1423020997570 30
1423021058212 31
1423021119356 31
1423021179995 31
1423021240672 39
1423021301313 29
1423021361944 30
1423021422553 28
1423021483249 33
1423021543894 30
1423021604568 35
1423021665267 29
1423021726458 34
1423021787096 35
1423021847728 30
1423021908355 31
1423021969543 32
1423022030267 32
1423022090941 34
1423022151581 29
1423022212246 37
1423022272949 30
1423022334084 29
1423022394693 31
1423022455360 31
1423022515988 34
1423022576643 27
1423022637844 36
1423022698512 33
1423022759157 29
1423022819790 29
1423022880436 31
1423022941082 29
1423023001733 34
1423023062406 31
1423023123607 31
1423023184230 27
1423023244889 32
1423023305509 34
1423023366309 27
1423023426978 29
1423023487625 31
1423023548281 27
1423023608892 28
1423023669550 31
1423023730216 33
1423023790861 31
1423023851503 31
1423023912152 26
1423023972820 29
1423024033431 30
1423024094126 29
1423024154819 30
1423024215476 30
1423024276107 27
1423024336753 33
1423024397900 30
1423024458547 33
1423024519718 28
1423024580431 43
1423024641143 29
1423024701799 50
1423024762438 30
1423024823075 39
1423024883775 31
1423024944522 30
1423025005197 32
1423025066210 28
1423025126894 35
1423025187732 33
1423025248453 33
1423025309143 30
1423025369915 29
1423025430594 27
1423025491277 36
1423025551904 29
1423025612541 31
1423025673187 38
1423025733856 33
1423025794555 32
1423025855191 28
1423025915862 30
1423025976497 38
1423026037156 35
1423026098870 33
1423026159526 29
1423026220176 28
1423026280832 30
1423026341494 30
1423026402154 30
1423026462815 34
1423026523461 33
1423026584166 29
1423026644833 29
1423026705455 30
1423026766074 28
1423026826736 38
1423026887687 27
1423026948405 39
1423027009034 27
1423027069685 29
1423027130877 33
1423027191877 29
1423027252635 32
1423027313854 31
1423027374541 31
1423027435222 38
1423027495896 30
1423027556573 40
1423027617366 31
1423027678022 32
1423027738700 28
1423027799375 35
1423027860054 31
1423027920732 30
1423027981432 33
1423028042180 27
1423028102825 31
1423028163487 34
1423028224154 30
1423028284797 32
1423028345459 29
1423028406091 30
1423028467260 31
1423028527909 36
1423028588556 36
1423028649186 30
1423028709842 33
1423028771022 46
1423028831656 32
1423028892710 29
1423028953389 35
1423029014027 29
1423029074659 28
1423029135290 29
1423029195939 32
1423029256592 29
1423029317223 31
1423029377874 32
1423029438516 28
1423029499191 46
1423029559882 41
1423029620578 38
1423029681297 33
1423029741917 31
1423029802557 29
1423029863188 35
1423029923822 28
1423029984474 34
1423030045145 50
1423030105827 29
1423030167054 35
1423030227825 34
1423030288496 57
1423030349220 33
1423030410397 36
1423030471033 30
1423030531747 31
1423030592418 29
1423030653140 43
1423030713792 32
1423030774463 36
1423030835084 28
1423030895784 31
1423030956425 32
1423031017082 38
1423031078286 41
1423031138928 31
1423031199570 36
1423031260214 27
1423031320846 30
1423031381506 31
1423031442135 33
1423031502775 30
1423031563416 36
1423031624046 29
1423031684771 34
1423031745460 40
1423031806115 35
1423031866785 30
1423031927524 43
1423031988160 30
1423032048811 31
1423032109464 35
1423032170110 29
1423032230810 36
1423032291443 27
1423032352057 31
1423032412711 28
1423032473367 28
1423032534032 30
1423032594677 29
1423032655386 30
1423032717099 29
1423032777729 26
1423032838389 35
1423032899121 29
1423032959799 49
1423033020460 27
1423033081143 39
1423033141812 37
1423033202504 28
1423033263159 33
1423033323833 28
1423033384489 36
1423033445149 27
1423033505797 40
1423033566436 28
1423033627114 36
1423033687767 33
1423033748403 32
1423033809031 27
1423033870318 25
1423033930955 28
1423033991613 36
1423034052249 32
1423034112960 28
1423034173576 26
1423034234222 28
1423034294861 34
1423034355513 30
1423034416199 32
1423034476839 34
1423034537510 41
1423034598143 26
1423034658818 30
1423034719487 30
1423034780135 32
1423034840810 32
1423034901485 33
1423034962136 32
1423035022781 31
1423035083442 31
1423035144071 32
1423035204698 30
1423035265376 27
1423035325995 31
1423035386653 31
1423035447293 31
1423035507931 37
1423035568610 30
1423035629402 27
1423035690054 45
1423035750685 33
1423035811345 41
1423035871984 33
1423035932623 32
1423035993317 36
1423036053953 34
1423036114600 29
1423036175333 32
1423036236001 27
1423036297192 42
1423036358392 29
1423036419050 36
1423036479718 32
1423036540396 28
1423036601071 28
1423036661725 35
1423036722376 31
1423036783012 26
1423036843690 31
1423036904336 35
1423036965099 42
1423037025743 30
1423037086926 42
1423037147612 28
1423037208300 35
1423037268977 42
1423037329616 30
1423037390253 29
1423037450900 33
1423037512072 32
1423037572735 31
1423037633379 27
1423037694025 30
1423037754694 28
1423037815329 31
1423037875982 27
1423037936643 28
1423037997336 32
1423038057959 29
1423038118579 30
1423038179250 30
1423038239886 39
1423038300590 36
1423038361751 29
1423038422560 102
1423038483753 33
1423038544441 28
1423038605090 41
1423038665739 35
1423038726449 30
1423038787092 34
1423038847802 34
1423038908470 35
1423038969138 31
1423039029827 28
1423039090500 36
1423039151155 29
1423039211826 25
1423039272729 26
1423039333382 28
1423039394008 33
1423039454668 33
1423039515849 38
1423039576518 32
1423039637166 27
1423039697840 31
1423039758497 42
1423039819164 35
1423039879819 38
1423039940496 28
1423040001147 37
1423040061802 34
1423040122509 55
1423040183150 31
1423040243801 35
1423040304451 26
1423040365079 27
1423040425746 37
1423040486418 30
1423040547597 31
1423040608254 36
1423040668897 29
1423040729632 28
1423040790308 32
1423040850989 28
1423040912185 28
1423040972843 33
1423041033472 28
1423041094118 26
1423041154766 30
1423041215438 30
1423041276127 28
1423041336778 37
1423041397442 27
1423041458159 31
1423041519350 30
1423041579989 28
1423041640648 30
1423041701286 32
1423041761946 30
1423041822615 34
1423041883770 30
1423041944525 30
1423042005162 29
1423042065855 31
1423042126510 29
1423042187194 26
1423042247825 26
1423042308469 31
1423042369720 35
1423042430450 61
1423042491186 30
1423042551895 34
1423042612644 47
1423042673646 30
1423042734315 33
1423042795552 34
1423042856196 25
1423042916860 36
1423042977807 30
1423043038469 29
1423043099180 50
1423043159832 30
1423043221009 26
1423043282263 34
1423043342961 26
1423043403656 29
1423043464304 31
1423043524998 30
1423043585641 25
1423043646320 33
1423043707016 28
1423043767707 28
1423043828392 41
1423043889628 41
1423043950295 34
1423044010960 32
1423044071628 36
1423044132820 29
1423044193499 34
1423044254120 29
1423044314785 33
1423044375460 35
1423044436096 29
1423044497274 30
1423044557933 29
1423044618592 33
1423044679237 28
1423044740473 30
1423044801120 37
1423044861763 28
1423044922420 31
1423044983111 29
1423045043986 31
1423045104626 29
1423045165286 26
1423045225923 31
1423045286586 29
1423045347772 30
1423045408454 36
1423045469110 30
1423045530276 35
1423045590945 30
1423045651622 35
1423045712260 28
1423045773175 39
1423045833879 31
1423045894544 29
1423045955261 32
1423046015890 34
1423046076568 30
1423046137212 29
1423046197878 28
1423046258569 30
1423046319249 33
1423046379895 29
1423046440578 31
1423046501283 31
1423046561913 27
1423046622551 29
1423046683256 34
1423046743900 29
1423046804813 30
1423046866002 29
1423046926664 27
1423046988445 110
1423047049672 37
1423047110336 41
1423047170975 29
1423047231640 28
1423047292275 27
1423047352938 32
1423047413626 29
1423047474270 29
1423047535063 33
1423047595739 29
1423047656425 33
1423047717069 30
1423047777732 29
1423047838410 39
1423047899092 28
1423047959764 30
1423048020430 30
1423048081146 71
1423048141888 40
1423048202683 31
1423048263384 37
1423048324123 66
1423048384846 29
1423048445512 37
1423048506203 30
1423048566892 27
1423048627560 30
1423048688196 30
1423048748870 28
1423048809529 50
1423048870191 32
1423048930825 30
1423048991502 33
1423049052168 31
1423049112802 25
1423049173472 69
1423049234117 33
1423049294764 37
1423049355465 31
1423049416155 31
1423049476813 26
1423049537456 29
1423049598098 27
1423049658829 41
1423049719490 31
1423049780146 28
1423049840793 26
1423049901460 31
1423049962094 29
1423050023258 31
1423050083945 45
1423050144647 42
1423050205285 31
1423050265935 29
1423050326629 40
1423050387275 27
1423050448461 33
1423050509629 31
1423050570271 30
1423050630888 30
1423050691524 31
1423050752233 31
1423050812940 32
1423050873683 35
1423050934340 26
1423050994985 32
1423051055634 31
1423051116268 29
1423051176924 30
1423051237565 32
1423051298229 39
1423051358923 33
1423051420097 37
1423051480760 31
1423051541956 38
1423051602614 34
1423051663269 31
1423051723976 30
1423051784629 31
1423051845309 35
1423051905954 31
1423051967155 30
1423052027801 33
1423052088487 29
1423052149111 30
1423052210825 31
1423052271483 31
1423052332142 31
1423052392857 31
1423052453500 33
1423052514246 32
1423052574920 39
1423052635580 31
1423052696242 43
1423052756878 30
1423052818039 32
1423052878730 31
1423052939393 32
1423053000142 44
1423053060812 32
1423053121733 35
1423053182436 30
1423053243350 31
1423053304046 30
1423053364724 29
1423053425642 29
1423053486271 33
1423053546930 35
1423053607583 29
1423053668452 48
1423053729125 27
1423053789762 31
1423053850414 26
1423053911580 30
1423053972286 31
1423054033518 37
1423054094189 33
1423054154852 29
1423054215508 31
1423054276171 31
1423054336805 30
1423054397456 30
1423054458145 33
1423054518827 31
1423054579467 31
1423054640105 29
1423054700742 29
1423054761438 35
1423054822118 37
1423054883304 29
1423054943955 26
1423055004600 29
1423055065269 31
1423055125947 36
1423055186605 37
1423055247290 31
1423055309006 30
1423055369685 33
1423055430353 29
1423055491544 28
1423055552239 34
1423055612935 33
1423055673657 45
1423055734369 36
1423055795054 29
1423055855717 30
1423055916370 30
1423055977065 31
1423056037728 30
1423056098374 31
1423056159092 39
1423056219765 32
1423056280416 29
1423056341065 32
1423056401750 30
1423056462419 34
1423056523091 35
1423056583783 29
1423056644425 26
1423056705102 28
1423056765764 31
1423056826407 29
1423056887054 30
1423056947735 31
1423057008413 27
1423057069652 36
1423057130351 30
1423057191043 36
1423057251720 30
1423057312409 30
1423057373091 26
1423057433785 40
1423057494412 28
1423057555460 43
1423057616140 35
1423057676778 30
1423057737459 30
1423057798446 29
1423057859137 31
1423057920308 30
1423057981001 40
1423058041762 30
1423058102484 34
1423058163131 32
1423058223790 32
1423058284967 30
1423058345679 39
1423058406396 29
1423058467047 28
1423058527714 31
1423058588363 29
1423058649001 33
1423058709746 49
1423058770408 28
1423058831049 28
1423058891749 32
1423058952405 28
1423059013135 36
1423059073926 28
1423059134591 27
1423059195262 34
1423059255957 34
1423059317182 36
1423059378372 29
1423059439041 31
1423059500249 40
1423059560928 32
1423059621633 28
1423059682313 29
1423059743049 30
1423059803729 29
1423059864407 34
1423059925069 28
1423059985741 32
1423060046488 30
1423060107268 42
1423060167944 26
1423060228650 32
1423060289344 26
1423060350058 27
1423060410767 28
1423060471991 33
1423060532658 38
1423060593314 37
1423060654020 29
1423060714677 31
1423060775443 54
1423060836629 42
1423060897308 51
1423060957975 29
1423061019180 24
1423061079856 31
1423061140537 31
1423061201254 30
1423061261894 29
1423061322620 46
1423061383315 32
1423061443987 35
1423061504645 31
1423061565283 30
1423061625949 38
1423061686632 30
1423061747311 28
1423061807980 28
1423061868627 27
1423061929281 32
1423061989936 30
1423062050642 33
1423062111360 28
1423062172013 30
1423062232667 32
1423062293367 30
1423062354063 35
1423062414726 32
1423062475388 33
1423062536075 30
1423062596788 29
1423062657447 36
1423062718162 29
1423062778840 31
1423062839503 27
1423062900683 27
1423062961432 29
1423063022146 32
1423063082910 29
1423063143611 37
1423063204259 29
1423063264980 57
1423063325626 29
1423063386311 33
1423063446995 38
1423063507662 30
1423063568348 39
1423063629017 33
1423063689720 35
1423063750384 28
1423063811061 42
1423063871945 29
1423063932644 28
1423063993308 31
1423064053985 38
1423064114675 34
1423064175377 26
1423064236064 32
1423064296837 30
1423064357566 42
1423064418236 32
1423064478905 29
1423064539576 39
1423064600229 27
1423064660905 43
1423064721547 31
1423064782501 34
1423064843185 30
1423064903844 30
1423064964561 32
1423065025250 36
1423065086500 31
1423065147695 35
1423065208896 29
1423065269633 38
1423065330296 31
1423065391016 38
1423065451675 32
1423065512345 30
1423065573012 27
1423065633681 34
1423065694893 32
1423065756092 28
1423065816776 30
1423065877472 26
1423065938481 35
1423065999176 29
1423066059878 30
1423066121058 28
1423066182259 38
1423066242917 26
1423066303549 28
1423066364212 30
1423066424875 41
1423066486078 30
1423066546782 29
1423066607448 30
1423066668144 67
1423066728806 30
1423066789474 37
1423066850133 30
1423066910811 30
1423066971470 26
1423067032156 30
1423067092831 32
1423067153512 29
1423067214170 30
1423067275383 33
1423067336054 29
1423067396696 29
1423067457341 29
1423067518041 30
1423067578741 38
1423067639409 31
1423067700065 27
1423067760737 30
1423067821451 29
1423067882170 44
1423067943091 32
1423068003801 30
1423068064976 26
1423068125679 29
1423068186338 31
1423068246997 33
1423068307654 32
1423068368370 29
1423068429035 28
1423068490280 37
1423068550956 39
1423068611606 30
1423068672262 31
1423068732911 29
1423068793603 28
1423068854264 33
1423068914954 27
1423068975726 29
1423069036398 30
1423069097100 32
1423069157774 32
1423069218709 29
1423069279360 28
1423069340043 28
1423069400693 34
1423069461688 31
1423069522337 27
1423069583003 29
1423069643680 32
1423069704874 30
1423069765551 31
1423069826206 34
1423069887395 30
1423069948618 30
1423070009333 35
1423070069995 28
1423070130652 31
1423070191355 29
1423070252009 28
1423070312661 28
1423070373395 30
1423070434211 37
1423070495023 42
1423070556258 30
1423070616958 67
1423070677646 29
1423070738304 32
1423070799200 45
1423070859911 33
1423070920580 30
1423070981229 32
1423071042034 43
1423071102739 29
1423071163379 28
1423071224579 28
1423071285244 30
1423071345919 29
1423071406895 30
1423071467610 26
1423071528265 30
1423071588945 28
1423071649598 31
1423071710250 28
1423071771358 40
1423071832086 33
1423071892781 30
1423071954178 29
1423072014880 29
1423072075530 28
1423072136236 31
1423072197402 26
1423072258089 31
1423072318832 32
1423072380021 29
1423072440688 30
1423072501380 29
1423072562047 32
1423072622800 29
1423072684022 37
1423072744701 31
1423072805386 28
1423072866070 29
1423072927285 36
1423072987955 37
1423073048665 37
1423073109889 33
1423073171139 31
1423073231803 32
1423073292572 31
1423073353236 34
1423073413938 31
1423073474604 38
1423073535289 25
1423073595955 32
1423073656678 29
1423073717352 28
1423073778395 28
1423073839214 29
1423073900415 27
1423073961104 30
1423074022311 50
1423074082987 29
1423074143690 30
1423074204353 30
1423074265008 28
1423074325682 40
1423074386388 35
1423074447102 34
1423074507793 31
1423074568474 31
1423074629140 31
1423074689801 31
1423074750473 43
1423074811138 28
1423074871790 29
1423074932432 28
1423074993638 28
1423075054298 29
1423075114977 36
1423075175618 29
1423075236295 28
1423075296941 28
1423075357591 30
1423075418426 31
1423075479192 32
1423075539874 29
1423075600565 39
1423075661271 30
1423075721973 29
1423075782628 38
1423075843295 31
1423075903952 29
1423075964618 31
1423076025348 34
1423076086008 26
1423076146764 31
1423076207442 32
1423076268121 34
1423076328807 36
1423076389501 29
1423076450182 29
1423076510858 32
1423076572055 31
1423076632761 38
1423076693438 32
1423076754094 36
1423076814827 27
1423076875532 29
1423076936197 41
1423076996920 32
1423077057608 30
1423077118302 30
1423077178968 40
1423077239642 30
1423077300332 40
1423077361000 37
1423077421720 32
1423077482414 29
1423077543218 29
1423077603928 28
1423077664735 44
1423077725395 28
1423077786049 30
1423077846751 36
1423077911127 40
1423077971858 33
1423078033101 40
1423078093750 33
1423078154406 31
1423078215125 35
1423078275863 32
1423078336529 34
1423078397193 33
1423078458141 37
1423078518814 30
1423078579481 30
1423078640142 33
1423078701334 29
1423078762014 35
1423078822730 32
1423078883392 32
1423078944075 33
1423079004887 29
1423079065628 30
1423079126258 30
1423079187457 30
1423079248334 30
1423079309097 55
1423079369777 33
1423079430462 29
1423079491151 34
1423079551805 35
1423079612597 43
1423079673320 36
1423079733976 30
1423079794628 34
1423079855284 29
1423079915976 29
1423079976635 28
1423080037844 29
1423080098537 30
1423080159202 28
1423080219877 30
1423080280540 29
1423080341220 31
1423080401906 29
1423080462595 30
1423080523269 33
1423080583953 29
1423080645157 27
1423080705810 28
1423080766457 31
1423080827148 29
1423080887815 29
1423080948850 33
1423081009561 32
1423081070234 31
1423081130886 28
1423081192136 35
1423081252818 35
1423081313528 32
1423081374222 34
1423081434901 27
1423081495580 32
1423081556261 30
1423081616945 33
1423081677639 29
1423081738900 63
1423081799583 30
1423081860259 39
1423081920969 32
1423081981686 34
1423082042456 55
1423082103177 32
1423082163871 29
1423082224581 28
1423082285216 28
1423082345907 31
1423082406586 28
1423082467259 28
1423082527950 28
1423082588617 31
1423082649295 30
1423082709987 34
1423082770659 29
1423082831333 37
1423082891992 29
1423082952661 34
1423083013324 30
1423083073990 27
1423083134649 31
1423083195372 34
1423083256097 30
1423083316833 51
1423083378008 27
1423083438688 31
1423083499411 44
1423083560098 34
1423083620764 30
1423083681428 34
1423083742106 31
1423083802833 29
1423083863597 29
1423083924278 29
1423083986068 28
1423084046752 30
1423084107477 34
1423084168181 29
1423084229476 28
1423084291298 29
1423084351953 31
1423084412685 30
1423084473373 28
1423084534053 29
1423084594705 31
1423084655362 30
1423084716071 32
1423084776743 32
1423084837479 30
1423084898141 30
1423084958812 34
1423085019501 41
1423085080217 28
1423085141399 30
1423085202054 28
1423085262726 27
1423085323399 29
1423085384094 30
1423085444819 30
1423085506044 33
1423085566742 36
1423085627706 29
1423085688881 32
1423085749549 33
1423085810230 33
1423085870878 30
1423085932064 31
1423085992774 38
1423086053432 30
1423086114129 32
1423086174791 29
1423086235446 26
1423086296646 29
1423086357346 34
1423086418618 41
1423086479269 28
1423086539966 40
1423086600664 32
1423086661362 32
1423086722417 56
1423086783174 35
1423086843849 28
1423086904531 33
1423086965235 29
1423087025943 60
1423087086587 28
1423087147261 33
1423087207981 35
1423087268701 29
1423087329881 30
1423087390555 38
1423087451221 26
1423087511971 38
1423087572657 32
1423087633344 30
1423087694095 38
1423087755123 29
1423087815813 31
1423087876500 32
1423087937178 31
1423087998415 31
1423088059095 30
1423088120344 37
1423088181031 29
1423088241714 29
1423088302394 32
1423088363121 30
1423088424334 36
1423088485035 39
1423088545732 30
1423088606916 32
1423088668124 31
1423088728803 33
1423088789558 29
1423088850229 28
1423088910902 29
1423088971605 29
1423089032266 32
1423089092912 30
1423089153678 35
1423089214354 31
1423089275058 30
1423089336248 30
1423089396953 31
1423089457601 29
1423089518285 36
1423089578987 32
1423089639703 25
1423089700390 28
1423089761588 29
1423089822348 32
1423089883067 30
1423089943756 29
1423090004516 26
1423090065168 29
1423090125806 26
1423090186468 28
1423090247132 29
1423090307850 41
1423090368527 27
1423090429183 30
1423090490388 28
1423090551192 29
1423090611892 32
1423090672554 29
1423090733239 28
1423090793923 35
1423090855131 37
1423090915825 27
1423090976564 33
1423091037270 29
1423091097940 26
1423091158622 40
1423091219327 31
1423091280541 29
1423091341373 73
1423091402074 29
1423091462853 36
1423091523549 29
1423091584233 38
1423091644934 30
1423091705615 29
1423091766268 30
1423091827167 61
1423091887842 31
1423091948517 27
1423092009215 41
1423092069925 30
1423092130658 39
1423092191409 30
1423092252655 33
1423092313331 28
1423092374037 29
1423092434714 26
1423092495425 28
1423092556095 28
1423092616751 29
1423092677477 30
1423092738196 45
1423092799075 43
1423092859755 32
1423092920437 44
1423092981106 34
1423093042341 26
1423093103079 30
1423093164277 28
1423093225464 32
1423093286684 34
1423093347337 26
1423093408133 28
1423093468845 33
1423093529553 31
1423093590238 31
1423093650930 36
1423093711608 32
1423093772302 33
1423093832980 35
1423093893752 44
1423093954439 28
1423094015105 30
1423094075764 32
1423094136470 30
1423094197135 31
1423094257800 34
1423094318456 29
1423094379117 28
1423094439794 35
1423094500496 28
1423094561170 31
1423094621910 26
1423094682594 34
1423094743836 34
1423094805284 42
1423094865973 31
1423094926648 28
1423094987306 29
1423095048030 32
1423095108781 27
1423095169487 29
1423095230144 28
1423095290842 60
1423095351532 37
1423095412266 32
1423095472997 31
1423095533663 29
1423095594346 26
1423095655049 28
1423095715764 26
1423095777005 29
1423095837678 28
1423095898393 30
1423095959129 30
1423096019847 29
1423096080518 29
1423096141231 30
1423096201942 37
1423096263194 27
1423096323938 45
1423096385148 31
1423096446377 31
1423096507072 34
1423096567802 42
1423096628558 34
1423096689304 29
1423096750008 31
1423096810806 35
1423096871539 32
1423096932259 30
1423096992970 30
1423097053692 32
1423097114355 30
1423097175051 29
1423097235753 35
1423097296479 32
1423097357167 36
1423097417863 25
1423097478562 33
1423097539244 29
1423097599936 33
1423097660692 45
1423097721385 29
1423097782622 39
1423097843831 28
1423097904562 37
1423097965265 29
1423098026498 31
1423098087750 45
1423098148431 28
1423098209188 54
1423098270299 37
1423098331012 31
1423098391737 28
1423098452410 29
1423098513104 29
1423098573812 40
1423098634489 31
1423098695177 31
1423098755852 32
1423098816546 38
1423098877236 27
1423098937906 29
1423098998606 38
1423099059286 30
1423099119976 30
1423099181200 34
1423099241941 27
1423099302618 30
1423099363371 30
1423099424183 30
1423099484874 27
1423099545567 39
1423099606285 27
1423099666950 33
1423099727666 28
1423099788343 28
1423099849051 40
1423099909796 33
1423099970511 32
1423100031750 35
1423100092438 44
1423100153139 30
1423100213856 29
1423100274544 29
1423100335731 26
1423100397515 29
1423100458782 32
1423100519477 34
1423100580159 27
1423100640881 38
1423100701581 38
1423100762351 40
1423100823032 29
1423100884273 29
1423100944949 31
1423101005631 30
1423101066302 31
1423101127004 33
1423101187794 36
1423101248516 34
1423101309254 30
1423101370035 32
1423101430827 31
1423101491540 31
1423101552217 30
1423101612922 33
1423101673588 30
1423101734304 29
1423101795044 30
1423101855717 28
1423101916958 32
1423101977674 49
1423102038414 32
1423102099105 36
1423102159814 33
1423102220548 40
1423102281812 36
1423102342501 35
1423102403547 29
1423102464220 33
1423102524903 25
1423102585627 39
1423102646305 29
1423102707016 30
1423102767692 30
1423102828366 31
1423102889048 30
1423102949733 35
1423103010388 30
1423103071091 30
1423103131837 63
1423103192541 33
1423103253265 39
1423103313931 29
1423103374588 29
1423103435281 28
1423103496531 36
1423103557229 28
1423103618499 32
1423103679208 29
1423103739909 29
1423103800615 36
1423103861300 30
1423103921970 29
1423103982698 46
1423104043895 29
1423104104609 47
1423104165693 28
1423104226406 35
1423104287090 30
1423104347786 43
1423104408504 29
1423104469199 31
1423104529866 34
1423104591096 31
1423104651793 51
1423104712476 39
1423104773633 28
1423104834311 28
1423104894989 45
1423104955765 31
1423105016455 31
1423105077698 31
1423105138373 30
1423105200098 26
1423105260771 28
1423105321480 40
1423105382251 44
1423105443598 32
1423105504310 31
1423105564979 29
1423105625697 32
1423105686472 28
1423105747178 32
1423105807892 36
1423105868603 26
1423105929301 35
1423105990007 33
1423106051239 30
1423106111910 31
1423106172582 31
1423106233285 36
1423106293986 29
1423106354667 32
1423106415389 31
1423106476097 30
1423106536789 32
1423106597487 30
1423106658173 37
1423106718907 30
1423106779618 29
1423106840284 30
1423106900976 28
1423106961687 34
1423107022393 31
1423107083122 34
1423107143810 33
1423107204483 30
1423107265151 29
1423107325883 35
1423107386621 30
1423107448087 39
1423107508916 34
1423107569611 34
1423107630294 32
1423107692019 30
1423107752692 33
1423107813375 29
1423107874574 35
1423107935267 33
1423107996185 29
1423108056866 29
1423108117548 32
1423108178301 30
1423108239004 30
1423108300218 28
1423108360905 30
1423108421576 41
1423108482300 30
1423108543032 32
1423108603721 29
1423108664941 33
1423108725621 30
1423108786855 40
1423108848091 28
1423108908799 38
1423108969548 31
1423109030280 29
1423109090945 29
1423109151695 31
1423109213465 31
1423109274157 31
1423109334827 31
1423109395535 35
1423109456743 28
1423109517448 29
1423109578152 35
1423109638874 36
1423109699610 31
1423109760813 28
1423109821536 29
1423109882253 33
1423109943456 37
1423110004145 30
1423110065078 33
1423110126405 36
1423110187156 32
1423110247950 37
1423110308655 27
1423110369364 29
1423110430279 30
1423110490988 35
1423110551713 33
1423110612474 31
1423110673154 32
1423110733844 30
1423110794555 31
1423110855233 29
1423110915922 31
1423110976668 25
1423111037363 31
1423111098057 32
1423111158761 32
1423111219449 31
1423111280142 30
1423111340839 32
1423111401527 31
1423111462318 31
1423111523574 40
1423111584281 28
1423111644965 28
1423111705682 32
1423111766407 31
1423111827095 30
1423111887794 34
1423111948477 35
1423112009676 30
1423112070386 29
1423112131084 28
1423112192307 30
1423112253027 40
1423112313768 26
1423112374455 27
1423112435167 29
1423112495845 28
1423112556562 30
1423112617249 39
1423112678084 34
1423112738803 31
1423112799561 54
1423112860269 29
1423112920975 33
1423112981751 29
1423113042452 30
1423113103131 30
1423113163846 27
1423113224546 30
1423113285212 32
1423113346455 33
1423113407170 30
1423113467867 32
1423113528603 38
1423113589324 33
1423113650043 29
1423113710783 32
1423113772055 36
1423113832796 29
1423113893483 29
1423113954272 35
1423114014965 31
1423114075688 31
1423114136394 26
1423114197092 31
1423114257820 36
1423114318509 29
1423114379210 31
1423114439952 32
1423114500645 30
1423114561342 31
1423114622085 28
1423114682865 29
1423114743787 30
1423114805124 32
1423114865794 28
1423114926846 34
1423114987697 32
1423115048486 29
1423115109242 60
1423115169960 32
1423115230631 29
1423115291838 32
1423115352525 35
1423115413231 33
1423115475019 25
1423115535687 30
1423115596376 41
1423115657565 30
1423115718281 50
1423115778988 30
1423115839748 27
1423115900467 31
1423115961143 34
1423116022914 32
1423116083597 32
1423116144268 30
1423116204982 32
1423116265660 26
1423116326331 30
1423116387018 28
1423116447723 28
1423116508403 36
1423116569099 30
1423116630317 31
1423116691025 32
1423116752230 28
1423116812914 32
1423116873636 35
1423116934324 33
1423116996068 38
1423117056762 27
1423117117442 29
1423117178135 28
1423117238833 36
1423117299698 32
1423117360385 31
1423117421080 29
1423117481759 29
1423117542420 28
1423117603173 39
1423117664429 31
1423117725271 32
1423117785945 30
1423117846618 31
1423117907328 33
1423117968130 32
1423118028832 32
1423118089932 26
1423118150807 32
1423118211990 33
1423118273224 39
1423118333941 36
1423118394635 29
1423118455340 29
1423118516042 30
1423118576827 30
1423118637531 33
1423118698260 35
1423118758990 31
1423118819721 41
1423118880479 46
1423118941170 39
1423119001872 35
1423119062615 29
1423119123362 42
1423119184105 31
1423119244921 33
1423119306225 33
1423119366914 30
1423119427618 28
1423119488882 43
1423119550196 43
1423119610932 34
1423119671674 29
1423119732911 30
1423119793630 37
1423119854322 30
1423119915020 33
1423119975836 27
1423120036559 42
1423120097770 31
1423120158503 29
1423120219204 37
1423120279918 28
1423120340628 31
1423120401327 38
1423120462061 32
1423120522749 34
1423120583451 31
1423120644668 40
1423120705362 30
1423120766033 33
1423120826794 34
1423120888061 29
1423120948769 30
1423121009439 28
1423121070125 29
1423121130791 30
1423121191510 31
1423121252256 30
1423121312969 32
1423121374214 34
1423121434954 31
1423121495668 28
1423121556340 29
1423121617009 33
1423121677710 30
1423121738436 33
1423121799144 32
1423121860509 28
1423121921707 29
1423121982414 29
1423122043116 38
1423122103891 35
1423122164642 30
1423122226528 28
1423122287243 45
1423122348539 60
1423122409252 33
1423122470533 32
1423122531221 30
1423122591938 34
1423122653147 38
1423122713836 28
1423122774526 34
1423122835232 29
1423122895920 34
1423122956607 37
1423123017378 31
1423123078157 39
1423123139215 29
1423123199910 31
1423123260825 27
1423123321585 33
1423123382337 31
1423123443064 34
1423123503777 31
1423123564533 45
1423123625246 31
1423123685960 41
1423123746651 29
1423123807337 31
1423123868039 36
1423123929778 29
1423123990976 32
1423124051722 35
1423124112432 45
1423124173106 26
1423124233810 43
1423124294522 30
1423124355197 29
1423124415891 29
1423124476612 33
1423124537305 34
1423124598014 36
1423124658730 28
1423124719939 28
1423124780692 34
1423124841967 29
1423124903207 31
1423124963990 41
1423125024772 32
1423125085440 28
1423125146129 30
1423125206884 31
1423125267613 31
1423125328292 28
1423125389508 29
1423125450750 43
1423125511500 32
1423125572238 37
1423125633005 35
1423125693704 33
1423125754428 31
1423125815130 32
1423125875825 31
1423125936502 30
1423125997209 31
1423126058498 68
1423126119215 35
1423126180440 36
1423126241142 31
1423126301823 32
1423126363033 29
1423126423722 30
1423126484394 30
1423126545085 28
1423126605957 31
1423126666682 31
1423126727480 44
1423126788284 33
1423126849083 35
1423126909817 32
1423126970681 37
1423127031423 28
1423127092696 32
1423127153394 30
1423127214106 39
1423127274879 38
1423127336097 34
1423127396784 29
1423127459267 31
1423127520029 36
1423127580747 27
1423127641467 28
1423127702223 60
1423127762999 33
1423127823699 31
1423127884503 31
1423127945196 30
1423128005912 30
1423128066668 31
1423128127402 32
1423128188611 29
1423128249326 37
1423128310090 30
1423128370792 29
1423128431511 35
1423128492206 28
1423128552905 33
1423128614219 40
1423128674935 31
1423128735679 30
1423128796375 31
1423128857769 29
1423128918503 31
1423128979303 29
1423129040041 35
1423129100787 31
1423129161495 33
1423129222254 30
1423129283207 39
1423129343947 31
1423129404712 34
1423129466370 29
1423129527123 28
1423129587917 32
1423129648618 33
1423129709298 28
1423129770034 31
1423129830738 29
1423129891966 29
1423129953316 28
1423130014006 27
1423130075418 27
1423130136130 29
1423130196868 39
1423130257598 27
1423130318533 30
1423130379245 32
1423130439988 27
1423130500738 31
1423130561465 42
1423130622181 31
1423130682939 36
1423130743671 26
1423130804558 33
1423130865295 31
1423130926517 34
1423130987230 30
1423131047915 29
1423131108625 42
1423131169340 41
1423131230059 29
1423131290781 30
1423131352015 28
1423131412735 31
1423131473478 32
1423131534168 26
1423131595417 36
1423131656658 30
1423131717422 40
1423131778187 30
1423131838917 30
1423131899638 31
1423131960332 29
1423132021026 29
1423132081703 32
1423132142422 32
1423132203163 31
1423132263897 37
1423132324615 33
1423132385314 31
1423132446012 29
1423132506758 32
1423132567479 34
1423132628790 30
1423132689481 30
1423132750180 33
1423132810967 28
1423132871666 30
1423132932424 25
1423132993127 33
1423133053861 30
1423133114562 29
1423133175259 38
1423133235948 27
1423133296682 42
1423133357391 33
1423133418139 27
1423133478913 28
1423133539605 32
1423133600850 30
1423133661570 26
1423133722526 29
1423133783258 29
1423133843996 41
1423133904931 38
1423133965658 38
1423134026384 30
1423134087108 32
1423134147846 31
1423134208598 30
1423134269297 28
1423134329985 28
1423134390695 31
1423134451410 30
1423134512095 29
1423134572877 29
1423134633724 33
1423134694465 31
1423134755206 30
1423134815939 34
1423134876622 29
1423134937307 29
1423134998020 39
1423135058746 29
1423135119434 28
1423135180124 28
1423135240965 37
1423135301708 29
1423135362476 32
1423135423180 35
1423135483883 36
1423135544574 29
1423135606029 41
1423135666733 35
1423135727443 28
1423135788134 28
1423135848855 26
1423135909554 36
1423135970870 40
1423136031710 36
1423136092502 39
1423136153222 30
1423136214487 28
1423136275199 29
1423136335915 31
1423136396670 29
1423136457910 28
1423136518632 28
1423136579372 28
1423136640164 35
1423136700886 35
1423136761683 54
1423136822706 33
1423136883490 34
1423136944240 28
1423137004962 38
1423137065710 38
1423137126413 28
1423137187575 32
1423137248302 30
1423137309094 44
1423137370349 30
1423137431051 30
1423137491770 30
1423137552567 36
1423137613339 25
1423137674131 37
1423137734900 31
1423137795635 33
1423137856358 29
1423137917161 30
1423137977944 49
1423138038701 29
1423138099405 34
1423138160101 28
1423138220837 30
1423138281557 30
1423138342292 37
1423138403027 30
1423138463946 39
1423138524713 29
1423138585456 33
1423138646156 30
1423138707424 30
1423138769143 31
1423138829868 33
1423138890648 34
1423138951370 30
1423139012114 29
1423139072878 30
1423139134093 29
1423139195317 30
1423139256045 30
1423139317262 28
1423139377991 36
1423139439216 31
1423139499922 31
1423139560666 29
1423139621452 32
1423139682723 42
1423139743476 28
1423139804189 34
1423139864895 28
1423139925671 31
1423139986981 33
1423140047706 29
1423140108393 27
1423140169112 26
1423140229829 32
1423140290587 30
1423140351360 30
1423140412094 32
1423140472864 33
1423140533580 41
1423140594309 30
1423140655050 32
1423140715808 33
1423140776571 30
1423140837823 27
1423140898571 34
1423140959286 29
1423141019983 29
1423141080733 29
1423141141503 31
1423141202254 31
1423141262993 32
1423141323787 31
1423141384917 32
1423141445616 34
1423141506957 27
1423141568246 28
1423141628973 30
1423141689725 31
1423141752064 30
1423141812755 30
1423141873474 31
1423141934252 32
1423141995261 36
1423142055984 30
1423142116704 36
1423142177969 33
1423142238660 28
1423142299400 26
1423142360124 30
1423142421917 30
1423142482609 31
1423142543325 28
1423142604025 29
1423142664789 27
1423142725512 32
1423142786284 35
1423142847018 30
1423142907838 33
1423142968577 38
1423143029328 36
1423143090594 45
1423143151295 27
1423143211988 31
1423143272693 29
1423143333410 32
1423143394110 31
1423143455355 33
1423143516046 35
1423143576760 30
1423143638028 49
1423143698758 37
1423143759477 32
1423143820199 61
1423143881010 35
1423143941820 29
1423144003051 30
1423144063768 30
1423144124467 28
1423144185205 32
1423144245964 31
1423144306663 30
1423144367370 29
1423144428073 33
1423144488761 29
1423144549504 30
1423144610277 32
1423144671009 35
1423144732240 33
1423144793846 34
1423144854575 29
1423144915831 39
1423144976516 28
1423145037221 34
1423145097929 32
1423145158647 28
1423145219387 44
1423145280088 31
1423145340787 29
1423145401539 37
1423145462587 31
1423145523847 30
1423145584636 26
1423145645328 29
1423145706035 27
1423145766777 36
1423145827479 31
1423145888184 30
1423145949409 29
1423146010204 37
1423146070937 30
1423146131658 29
1423146192414 29
1423146253139 37
1423146313901 41
1423146374675 35
1423146435422 30
1423146496135 29
1423146556867 28
1423146617595 31
1423146678293 32
1423146739061 29
1423146799818 33
1423146860571 29
1423146921284 30
1423146981987 31
1423147042745 35
1423147103483 32
1423147164643 33
1423147225394 27
1423147286074 29
1423147347344 30
1423147408062 31
1423147469013 34
1423147529733 31
1423147590458 29
1423147652240 29
1423147712963 36
1423147774089 32
1423147834877 30
1423147895622 28
1423147956372 32
1423148017101 28
1423148077802 33
1423148138523 26
1423148199221 27
1423148259922 33
1423148320631 29
1423148381340 31
1423148442061 28
1423148502788 28
1423148563932 32
1423148624674 32
1423148685376 30
1423148746650 33
1423148807864 31
1423148868590 29
1423148929361 27
1423148990386 34
1423149051065 29
1423149111785 29
1423149172525 29
1423149233746 33
1423149294523 29
1423149355755 29
1423149416505 30
1423149477199 29
1423149537982 32
1423149598679 31
1423149659417 33
1423149721235 43
1423149781973 32
1423149842856 36
1423149903567 38
1423149964335 32
1423150025060 29
1423150086297 31
1423150147010 32
1423150207829 33
1423150268531 30
1423150329234 29
1423150389938 32
1423150450673 34
1423150511383 38
1423150572102 30
1423150632819 29
1423150693543 30
1423150754300 38
1423150815001 29
1423150876247 29
1423150936971 28
1423150997674 42
1423151058451 40
1423151119706 27
1423151180398 31
1423151241147 34
1423151301881 28
1423151362627 28
1423151423883 29
1423151484600 32
1423151545853 32
1423151607112 32
1423151667829 29
1423151728618 32
1423151789316 30
1423151850074 29
1423151911338 39
1423151972029 28
1423152032730 28
1423152093461 33
1423152154196 34
1423152214923 33
1423152275638 33
1423152336353 46
1423152397090 34
1423152457796 29
1423152518529 26
1423152579274 30
1423152640074 27
1423152700800 40
1423152761512 31
1423152822756 42
1423152883748 36
1423152944461 35
1423153005207 30
1423153066356 28
1423153127630 35
1423153188341 31
1423153249082 30
1423153310431 29
1423153371232 31
1423153432422 30
1423153493143 31
1423153553964 31
1423153614681 29
1423153675736 30
1423153736426 32
1423153797971 38
1423153859234 31
1423153920019 38
1423153980771 44
1423154041483 31
1423154102275 32
1423154163035 36
1423154223836 57
1423154284594 34
1423154346945 26
1423154407675 29
1423154468480 29
1423154529211 29
1423154589955 33
1423154651731 28
1423154712455 29
1423154773170 35
1423154833887 30
1423154894851 46
1423154955544 31
1423155016259 26
1423155076991 27
1423155137743 26
1423155198468 32
1423155259159 28
1423155319855 28
1423155380658 32
1423155441985 37
1423155502713 28
1423155563430 30
1423155624265 28
1423155684972 29
1423155746246 44
1423155806950 33
1423155867707 32
1423155929469 28
1423155990254 39
1423156050997 34
1423156111691 29
1423156172427 31
1423156233212 31
1423156293915 29
1423156354643 31
1423156415392 31
1423156476137 27
1423156537360 44
1423156598109 34
1423156658842 29
1423156719541 30
1423156780354 40
1423156841157 31
1423156901849 29
1423156962560 31
1423157023321 34
1423157084117 39
1423157144942 41
1423157205739 32
1423157266522 33
1423157327394 39
1423157388124 29
1423157448834 34
1423157510073 30
1423157571321 30
1423157632065 42
1423157692812 30
1423157753593 39
1423157814396 39
1423157875218 36
1423157935913 29
1423157996659 31
1423158057382 30
1423158118076 32
1423158178775 37
1423158239527 33
1423158300258 35
1423158361063 33
1423158421810 39
1423158482619 28
1423158543415 32
1423158605262 31
1423158665965 33
1423158726663 26
1423158787343 36
1423158848055 30
1423158908828 71
1423158969551 38
1423159030253 31
1423159091002 30
1423159151764 43
1423159212466 40
1423159273214 29
1423159333963 28
1423159394916 29
1423159455630 27
1423159516373 32
1423159577688 29
1423159639494 29
1423159700784 28
1423159761543 33
1423159822782 41
1423159883474 29
1423159944209 29
1423160004942 29
1423160065648 30
1423160126351 28
1423160187125 31
1423160247876 33
1423160308577 30
1423160369279 30
1423160430034 32
1423160491792 30
1423160553031 30
1423160614324 52
1423160675017 30
1423160735763 34
1423160796513 29
1423160857196 30
1423160917908 29
1423160979539 36
1423161040264 30
1423161101024 30
1423161162275 30
1423161223009 37
1423161283759 41
1423161344506 31
1423161405819 46
1423161466541 31
1423161527270 32
1423161587996 31
1423161648734 30
1423161710535 39
1423161771252 29
1423161831943 30
1423161892673 29
1423161953962 30
1423162014682 36
1423162075905 32
1423162136624 32
1423162197375 33
1423162258225 34
1423162318963 32
1423162379778 30
1423162440520 30
1423162501287 36
1423162562129 32
1423162622925 34
1423162683672 29
1423162744394 27
1423162805137 28
1423162865869 32
1423162926605 42
1423162987357 28
1423163048066 31
1423163108808 30
1423163169520 30
1423163230279 32
1423163291024 31
1423163351776 28
1423163412498 32
1423163473299 29
1423163534033 29
1423163594752 29
1423163655995 30
1423163716735 43
1423163777468 33
1423163838171 30
1423163899428 33
1423163960196 27
1423164021456 30
1423164082407 29
1423164143247 31
1423164204028 33
1423164264795 27
1423164325521 35
1423164386223 28
1423164446910 28
1423164508213 58
1423164568930 29
1423164629630 37
1423164690850 31
1423164751608 38
1423164812481 49
1423164873231 30
1423164933966 35
1423164994719 31
1423165055430 29
1423165116180 36
1423165176924 32
1423165237678 28
1423165299278 30
1423165360044 37
1423165420864 33
1423165481594 37
1423165542852 29
1423165603916 36
1423165664687 30
1423165725405 41
1423165786182 31
1423165847466 28
1423165908880 33
1423165969732 31
1423166030952 29
1423166091691 30
1423166152423 32
1423166213129 31
1423166273857 33
1423166334672 29
1423166396481 36
1423166457236 33
1423166519068 30
1423166579801 35
1423166641124 30
1423166701895 38
1423166762700 30
1423166823455 32
1423166884271 39
1423166945032 33
1423167005767 30
1423167066467 29
1423167127233 32
1423167187943 31
1423167248648 26
1423167309937 27
1423167370673 31
1423167431424 28
1423167492122 32
1423167553401 45
1423167614164 28
1423167675432 27
1423167736104 28
1423167796835 28
1423167857657 33
1423167918417 32
1423167979141 30
1423168039844 26
1423168100573 30
1423168161403 31
1423168222120 29
1423168283374 31
1423168345173 30
1423168405863 26
1423168466614 52
1423168527318 28
1423168588070 31
1423168648860 31
1423168710135 27
1423168770879 30
1423168831630 32
1423168892868 30
1423168953592 31
1423169014285 30
1423169075053 30
1423169135792 35
1423169197070 34
1423169257800 30
1423169318517 35
1423169379256 27
1423169440054 32
1423169500803 39
1423169561554 40
1423169622268 28
1423169683011 29
1423169744295 29
1423169805326 32
1423169866098 27
1423169926801 29
1423169988049 29
1423170049317 38
1423170110072 36
1423170170894 30
1423170231663 28
1423170292428 29
1423170353693 29
1423170414480 33
1423170475379 30
1423170536158 29
1423170597394 29
1423170658156 28
1423170718935 33
1423170779649 43
1423170840394 38
1423170901209 32
1423170961931 38
1423171023178 27
1423171083945 39
1423171144685 30
1423171205406 29
1423171266135 33
1423171326898 45
1423171387646 26
1423171448673 27
1423171509624 34
1423171570336 30
1423171631096 29
1423171691866 40
1423171752670 38
1423171813480 38
1423171874170 29
1423171934872 28
1423171995611 28
1423172056441 28
1423172117133 26
1423172178136 32
1423172238859 30
1423172299599 32
1423172360330 31
1423172421092 32
1423172482343 26
1423172543106 31
1423172603847 29
1423172664582 32
1423172725310 29
1423172786602 29
1423172847316 29
1423172908570 31
1423172969394 29
1423173030108 29
1423173091348 32
1423173152146 29
1423173212855 28
1423173273566 28
1423173334297 29
1423173396068 33
1423173457309 31
1423173518558 29
1423173579367 32
1423173640085 31
1423173700865 30
1423173761599 29
1423173822686 27
1423173883711 35
1423173945184 34
1423174005956 34
1423174066720 32
1423174127459 30
1423174188179 30
1423174248889 29
1423174309597 25
1423174370383 62
1423174431156 29
1423174491858 28
1423174552850 28
1423174613538 28
1423174674789 26
1423174735507 33
1423174796749 27
1423174857997 32
1423174918714 36
1423174979437 27
1423175040164 32
1423175102015 31
1423175162760 30
1423175223503 30
1423175284241 34
1423175345478 39
1423175406205 27
1423175466954 30
1423175527650 27
1423175588359 28
1423175649117 39
1423175709831 30
1423175770540 35
1423175831277 25
1423175892037 29
1423175952806 28
1423176013525 34
1423176074275 28
1423176134984 28
1423176196052 28
1423176257313 33
1423176318014 33
1423176378777 29
1423176439589 31
1423176500823 26
1423176561537 31
1423176622281 31
1423176683024 41
1423176743753 34
1423176804981 28
1423176865724 29
1423176927043 31
1423176987811 27
1423177048822 32
1423177109542 33
1423177170289 30
1423177231061 40
1423177291810 33
1423177352567 28
1423177413889 33
1423177474656 29
1423177535382 37
1423177596687 31
1423177657548 31
1423177718275 33
1423177779032 31
1423177839785 31
1423177900527 33
1423177961772 27
1423178022520 31
1423178083768 29
1423178144609 43
1423178205391 31
1423178266121 31
1423178326830 38
1423178387545 26
1423178448248 27
1423178509210 28
1423178569981 28
1423178630724 32
1423178691984 30
1423178752754 39
