1422916107257 42
1422916167885 40
1422916228501 54
1422916289103 42
1422916349683 38
1422916410319 79
1422916471005 53
1422916531598 37
1422916592212 46
1422916652829 54
1422916713442 38
1422916774021 31
1422916834626 48
1422916895233 32
1422916955857 42
1422917016539 42
1422917077145 47
1422917137758 37
1422917198389 47
1422917259020 38
1422917319631 55
1422917380339 42
1422917440931 47
1422917501609 36
1422917562219 42
1422917622818 44
1422917683440 45
1422917744088 37
1422917804735 37
1422917865344 35
1422917925977 50
1422917986544 33
1422918047120 38
1422918107695 37
1422918168297 48
1422918228909 46
1422918289546 47
1422918350142 36
1422918410729 41
1422918471318 37
1422918531918 46
1422918592533 41
1422918653133 39
1422918713737 55
1422918774369 39
1422918835010 41
1422918895642 41
1422918956257 45
1422919016844 38
1422919077422 34
1422919138019 42
1422919198598 38
1422919259286 49
1422919319876 39
1422919380490 40
1422919441077 31
1422919501699 67
1422919562299 48
1422919622925 40
1422919683536 36
1422919744170 40
1422919804762 38
1422919865376 39
1422919925962 37
1422919986580 39
1422920047201 36
1422920107824 37
1422920168416 40
1422920228979 34
1422920289586 36
1422920350169 45
1422920410756 36
1422920471442 94
1422920532027 36
1422920592626 49
1422920653201 35
1422920713788 43
1422920774379 32
1422920834978 39
1422920895590 43
1422920956175 41
1422921016808 49
1422921077399 43
1422921138051 43
1422921198665 44
1422921259295 35
1422921319893 42
1422921380508 43
1422921441108 37
1422921501732 42
1422921562348 42
1422921622962 39
1422921683584 44
1422921744199 47
1422921804797 38
1422921865392 32
1422921925983 42
1422921986610 35
1422922047222 38
1422922107809 38
1422922168428 42
1422922229039 33
1422922289644 44
1422922350308 46
1422922410929 52
1422922471535 39
1422922532136 36
1422922592730 38
1422922653327 38
1422922713953 40
1422922774563 42
1422922835162 43
1422922895751 45
1422922956365 41
1422923016963 43
1422923077557 37
1422923138178 39
1422923198768 39
1422923259378 39
1422923319980 40
1422923380613 47
1422923441204 35
1422923501824 63
1422923562389 41
1422923623001 38
1422923683585 40
1422923744176 37
1422923804768 40
1422923865353 34
1422923925948 42
1422923986566 50
1422924047216 42
1422924107865 44
1422924168484 42
1422924229094 45
1422924289685 40
1422924350281 39
1422924410937 48
1422924471538 44
1422924532133 37
1422924592764 54
1422924653378 50
1422924713964 43
1422924774603 43
1422924835218 41
1422924895897 44
1422924956502 43
1422925017104 40
1422925077752 58
1422925138369 38
1422925198978 42
1422925259607 69
1422925320237 50
1422925380864 42
1422925441477 52
1422925502094 59
1422925563266 37
1422925623858 37
1422925684454 47
1422925745035 37
1422925805673 42
1422925866315 30
1422925926998 42
1422925987586 38
1422926048224 80
1422926108790 35
1422926169383 35
1422926230026 35
1422926290599 35
1422926351222 37
1422926411848 41
1422926472449 50
1422926533040 38
1422926593626 36
1422926654215 39
1422926714847 39
1422926775449 35
1422926836011 34
1422926897158 56
1422926957771 48
1422927018360 40
1422927078961 36
1422927139533 34
1422927200149 35
1422927260754 46
1422927321340 35
1422927381917 37
1422927442517 41
1422927503144 56
1422927563751 34
1422927624341 40
1422927684974 40
1422927745564 44
1422927806165 34
1422927866783 39
1422927927377 41
1422927987969 47
1422928048559 45
1422928109147 38
1422928169749 40
1422928230353 41
1422928290978 40
1422928351573 38
1422928412206 31
1422928473317 37
1422928533915 32
1422928594531 39
1422928655157 35
1422928715745 41
1422928776356 34
1422928836946 36
1422928897573 51
1422928958196 47
1422929018847 33
1422929079440 41
1422929140044 33
1422929200662 45
1422929261261 37
1422929321853 41
1422929382455 36
1422929443045 39
1422929503637 46
1422929564244 34
1422929624848 36
1422929685480 45
1422929746087 31
1422929806719 38
1422929867398 44
1422929928002 49
1422929988635 45
1422930049231 37
1422930109856 34
1422930170437 37
1422930231036 51
1422930291643 38
1422930352227 38
1422930412823 42
1422930473409 36
1422930534021 39
1422930594616 36
1422930655210 41
1422930715805 37
1422930776433 39
1422930837098 40
1422930897701 39
1422930958316 39
1422931018943 60
1422931079549 62
1422931140165 48
1422931200780 38
1422931261441 62
1422931322034 43
1422931382663 54
1422931443288 39
1422931503887 40
1422931564483 38
1422931625084 44
1422931685708 45
1422931746309 49
1422931806925 39
1422931867522 36
1422931928115 35
1422931988749 36
1422932049359 48
1422932109941 42
1422932170570 73
1422932231167 51
1422932291768 41
1422932352411 41
1422932412992 44
1422932473583 44
1422932534168 43
1422932594782 38
1422932655406 55
1422932715995 41
1422932776562 36
1422932837162 37
1422932897765 54
1422932958379 43
1422933018987 45
1422933079597 50
1422933140218 47
1422933200808 49
1422933261415 47
1422933322039 42
1422933382662 42
1422933443256 36
1422933503876 43
1422933564468 41
1422933625064 41
1422933685683 39
1422933746340 41
1422933806953 42
1422933867583 53
1422933928164 44
1422933988817 37
1422934049407 43
1422934110028 39
1422934170629 47
1422934231228 54
1422934291803 39
1422934352409 36
1422934413020 40
1422934473618 36
1422934534251 61
1422934594892 37
1422934655494 34
1422934716113 41
1422934776702 36
1422934837286 38
1422934897911 46
1422934958503 32
1422935019121 39
1422935079757 31
1422935140371 44
1422935200985 45
1422935261586 42
1422935322190 37
1422935382789 46
1422935443376 37
1422935504040 59
1422935564637 32
1422935625237 40
1422935685858 45
1422935746475 65
1422935807082 40
1422935867688 42
1422935928808 34
1422935989402 36
1422936050539 35
1422936111132 33
1422936171724 35
1422936232349 44
1422936292947 38
1422936353543 38
1422936414181 33
1422936474796 42
1422936535393 41
1422936595993 39
1422936656597 32
1422936717192 40
1422936777781 34
1422936838397 39
1422936899061 48
1422936959694 47
1422937020295 38
1422937080888 43
1422937141534 40
1422937202142 47
1422937262804 37
1422937323790 37
1422937384384 29
1422937444975 41
1422937505586 52
1422937566187 40
1422937626804 40
1422937687416 46
1422937748013 36
1422937808605 37
1422937869224 41
1422937929822 36
1422937990431 38
1422938051023 52
1422938111619 37
1422938172224 47
1422938232812 36
1422938293411 47
1422938354050 44
1422938414657 40
1422938475263 38
1422938535876 48
1422938596467 39
1422938657079 65
1422938717691 46
1422938778321 45
1422938838903 37
1422938899510 37
1422938960116 35
1422939020740 41
1422939081380 51
1422939142034 58
1422939202642 44
1422939263237 39
1422939323833 42
1422939384438 42
1422939445073 36
1422939505696 43
1422939566331 43
1422939626940 48
1422939687552 41
1422939748160 39
1422939808771 42
1422939869372 41
1422939929985 35
1422939990596 38
1422940051203 34
1422940111813 46
1422940172401 41
1422940233023 41
1422940293683 48
1422940354318 48
1422940414901 38
1422940475532 47
1422940536201 43
1422940596789 36
1422940657391 40
1422940718022 46
1422940778637 48
1422940839231 40
1422940899825 39
1422940960447 37
1422941021074 42
1422941081872 47
1422941142489 63
1422941203070 35
1422941264335 42
1422941324953 38
1422941385566 38
1422941446166 39
1422941506752 35
1422941567357 43
1422941627966 42
1422941689084 36
1422941749685 40
1422941810278 43
1422941870870 34
1422941931452 34
1422941992075 51
1422942053247 43
1422942113858 41
1422942174493 41
1422942235102 36
1422942295708 35
1422942356330 49
1422942416931 41
1422942477543 39
1422942538144 40
1422942598801 46
1422942659477 35
1422942720074 40
1422942780687 41
1422942841321 38
1422942901958 40
1422942962591 40
1422943023194 36
1422943083820 49
1422943144441 38
1422943205097 48
1422943266808 46
1422943327411 38
1422943388159 54
1422943449904 38
1422943510602 53
1422943571258 40
1422943631857 33
1422943692481 47
1422943753064 38
1422943814192 41
1422943874783 35
1422943935379 39
1422943995989 36
1422944056623 52
1422944117269 37
1422944177887 59
1422944238485 40
1422944299101 39
1422944359693 32
1422944420292 49
1422944480984 39
1422944541568 40
1422944602214 45
1422944662856 51
1422944723457 40
1422944784068 38
1422944844679 37
1422944905329 39
1422944965940 39
1422945026578 38
1422945087176 38
1422945147810 37
1422945208450 41
1422945269037 35
1422945329649 38
1422945390271 38
1422945450877 32
1422945511508 59
1422945572100 41
1422945632701 39
1422945693293 39
1422945753885 39
1422945814498 53
1422945875092 43
1422945935683 40
1422945996276 41
1422946056876 38
1422946117481 40
1422946178114 41
1422946238716 43
1422946299330 47
1422946359959 47
1422946421074 43
1422946481675 41
1422946542283 39
1422946602892 39
1422946663489 37
1422946724083 33
1422946784831 40
1422946845446 46
1422946906048 34
1422946966671 44
1422947027274 46
1422947087879 36
1422947148478 44
1422947209102 34
1422947269825 46
1422947330444 43
1422947391033 42
1422947452171 47
1422947512829 35
1422947573480 37
1422947634082 32
1422947694678 41
1422947755289 39
1422947815879 36
1422947876524 71
1422947937163 39
1422947997766 41
1422948058408 53
1422948119043 47
1422948179642 36
1422948240238 35
1422948300851 37
1422948361506 47
1422948422144 38
1422948482736 38
1422948543369 39
1422948603969 36
1422948664586 42
1422948725218 37
1422948785806 36
1422948846407 37
1422948907014 42
1422948967612 36
1422949028258 36
1422949088849 38
1422949149431 36
1422949210062 39
1422949270668 42
1422949331277 33
1422949391860 35
1422949452577 39
1422949513189 38
1422949573807 36
1422949634414 41
1422949695013 40
1422949755646 62
1422949816253 34
1422949876867 43
1422949937466 35
1422949998082 42
1422950058719 36
1422950119357 42
1422950179975 38
1422950240976 38
1422950301572 42
1422950362176 34
1422950423341 36
1422950483926 41
1422950544587 42
1422950605190 53
1422950665807 37
1422950726430 39
1422950787035 36
1422950847679 47
1422950908294 54
1422950968927 53
1422951029533 39
1422951090171 46
1422951150777 36
1422951211377 46
1422951272004 38
1422951332650 57
1422951393264 45
1422951453928 40
1422951514524 34
1422951575224 41
1422951635834 40
1422951696455 41
1422951757096 43
1422951817674 37
1422951878329 34
1422951938939 37
1422951999594 38
1422952060224 51
1422952120822 37
1422952181430 48
1422952242035 33
1422952302628 38
1422952363234 38
1422952423934 63
1422952484535 55
1422952545207 36
1422952605840 38
1422952666485 50
1422952727104 44
1422952787753 45
1422952848334 37
1422952908980 43
1422952969582 49
1422953030195 46
1422953090813 37
1422953151419 37
1422953212025 40
1422953272636 45
1422953333234 34
1422953393822 36
1422953454419 35
1422953515530 42
1422953576175 41
1422953637345 53
1422953697939 34
1422953758611 40
1422953819205 33
1422953879803 37
1422953940438 58
1422954001025 37
1422954061675 46
1422954122302 37
1422954183474 48
1422954244101 37
1422954304748 33
1422954365333 34
1422954425964 37
1422954486560 36
1422954547148 35
1422954607756 42
1422954668353 38
1422954728998 51
1422954789605 40
1422954850211 46
1422954911115 52
1422954971706 36
1422955032297 33
1422955092926 43
1422955153562 42
1422955214180 36
1422955274811 35
1422955335446 47
1422955396043 35
1422955457158 35
1422955517769 35
1422955578381 41
1422955639033 34
1422955699652 39
1422955760248 39
1422955820849 40
1422955881447 40
1422955942102 36
1422956002795 102
1422956063539 47
1422956124155 45
1422956184784 35
1422956245396 43
1422956306000 47
1422956366587 35
1422956427184 36
1422956487776 35
1422956548367 40
1422956608968 34
1422956669569 41
1422956730175 34
1422956790801 45
1422956851396 36
1422956912025 45
1422956972639 41
1422957033251 36
1422957093882 53
1422957154487 39
1422957215106 49
1422957275695 37
1422957336308 42
1422957396920 39
1422957457566 54
1422957518234 45
1422957578884 55
1422957639485 37
1422957700102 35
1422957760719 50
1422957821310 38
1422957881929 38
1422957942537 41
1422958003199 39
1422958063796 36
1422958124385 35
1422958185006 42
1422958245629 42
1422958306220 40
1422958366866 64
1422958427466 38
1422958488080 43
1422958548688 38
1422958609284 38
1422958669923 37
1422958730528 34
1422958791154 34
1422958851777 39
1422958912383 42
1422958973007 41
1422959033663 45
1422959094288 38
1422959154910 52
1422959215553 51
1422959276186 38
1422959337387 39
1422959397996 36
1422959458608 48
1422959519212 39
1422959579865 44
1422959640490 41
1422959701108 44
1422959761744 42
1422959822426 35
1422959883052 44
1422959943684 48
1422960004304 40
1422960064943 39
1422960125556 41
1422960186194 50
1422960246822 36
1422960307422 38
1422960368026 38
1422960428625 36
1422960489213 35
1422960549805 40
1422960610413 36
1422960671027 36
1422960731650 43
1422960792767 38
1422960853382 42
1422960914015 42
1422960974619 39
1422961035248 44
1422961095872 47
1422961156496 46
1422961217111 38
1422961277706 37
1422961338895 48
1422961399516 39
1422961460663 41
1422961521310 39
1422961581945 37
1422961642536 36
1422961703159 39
1422961763768 40
1422961824400 52
1422961884987 42
1422961945635 40
1422962006268 49
1422962066878 37
1422962128020 37
1422962188616 37
1422962249238 47
1422962309872 47
1422962371009 37
1422962431666 37
1422962492356 46
1422962552954 34
1422962614116 37
1422962674711 38
1422962735336 42
1422962795989 56
1422962856599 42
1422962917230 45
1422962977874 60
1422963038459 36
1422963099063 44
1422963159683 40
1422963220310 44
1422963281322 33
1422963341912 37
1422963402527 48
1422963463670 44
1422963524316 52
1422963584922 42
1422963645549 37
1422963706150 36
1422963766743 41
1422963827367 44
1422963887992 54
1422963948600 42
1422964009226 37
1422964069869 38
1422964130483 43
1422964191102 43
1422964251761 36
1422964312387 38
1422964373023 40
1422964433648 39
1422964494237 41
1422964554866 45
1422964615492 45
1422964676091 37
1422964736739 43
1422964797400 43
1422964858071 43
1422964918665 35
1422964979336 49
1422965039957 45
1422965100646 40
1422965161246 39
1422965221857 41
1422965282514 41
1422965343127 38
1422965403739 38
1422965464378 40
1422965525009 38
1422965585627 36
1422965646746 46
1422965707454 43
1422965768094 54
1422965828715 43
1422965889323 43
1422965949939 39
1422966010538 35
1422966071166 37
1422966131780 42
1422966192407 41
1422966253023 52
1422966313724 37
1422966374353 48
1422966434975 35
1422966496651 40
1422966557266 37
1422966617919 43
1422966679047 33
1422966739684 65
1422966800313 52
1422966861462 44
1422966922122 40
1422966982737 38
1422967043680 40
1422967104256 37
1422967164889 45
1422967225507 42
1422967286291 36
1422967346898 37
1422967407508 35
1422967468148 45
1422967528754 41
1422967589370 36
1422967649970 36
1422967710580 38
1422967771176 37
1422967831795 39
1422967892422 35
1422967953182 38
1422968013809 53
1422968074415 40
1422968135017 35
1422968195608 41
1422968256247 35
1422968316956 55
1422968377576 42
1422968438713 37
1422968499323 31
1422968559915 39
1422968620525 41
1422968681193 56
1422968742354 46
1422968802951 39
1422968863566 39
1422968924238 53
1422968984882 41
1422969045499 37
1422969106124 39
1422969166745 38
1422969227354 34
1422969288472 35
1422969349088 54
1422969409728 44
1422969470338 45
1422969531479 42
1422969592074 34
1422969652661 45
1422969713350 42
1422969774027 43
1422969834876 40
1422969895497 48
1422969956113 48
1422970016835 44
1422970077501 34
1422970138122 43
1422970198726 43
1422970259328 37
1422970319974 43
1422970380625 59
1422970441246 45
1422970501911 48
1422970562542 40
1422970623155 37
1422970684985 57
1422970745615 38
1422970806253 42
1422970866885 50
1422970927533 46
1422970988157 50
1422971049305 39
1422971109914 31
1422971170530 35
1422971231210 40
1422971291813 36
1422971352423 46
1422971413055 47
1422971473658 38
1422971534348 41
1422971594958 37
1422971655607 39
1422971716294 41
1422971777423 37
1422971838560 33
1422971899676 38
1422971960290 37
1422972020922 46
1422972081528 38
1422972142183 44
1422972202802 43
1422972263456 89
1422972324590 45
1422972385201 38
1422972445813 38
1422972506437 35
1422972567064 37
1422972627682 49
1422972688284 39
1422972748894 43
1422972809786 40
1422972870420 49
1422972931054 35
1422972991666 40
1422973052304 41
1422973112921 36
1422973173584 44
1422973234223 39
1422973294823 32
1422973355455 44
1422973416092 45
1422973476763 44
1422973537397 46
1422973598040 37
1422973658649 41
1422973719351 37
1422973779995 57
1422973840635 38
1422973901307 44
1422973961919 36
1422974022546 38
1422974083202 49
1422974144354 46
1422974205497 44
1422974266099 35
1422974326706 41
1422974387373 41
1422974448017 34
1422974508626 46
1422974569295 35
1422974629904 36
1422974690519 41
1422974751129 35
1422974811760 38
1422974872387 38
1422974933075 43
1422974993691 37
1422975054323 49
1422975114924 34
1422975175524 36
1422975236161 46
1422975296783 41
1422975357431 44
1422975418042 36
1422975478669 37
1422975539293 35
1422975599926 38
1422975660541 35
1422975721156 36
1422975781785 45
1422975842608 47
1422975903255 50
1422975963869 40
1422976024514 39
1422976085135 34
1422976146262 38
1422976206927 41
1422976267540 37
1422976328208 36
1422976388851 38
1422976449465 35
1422976510077 40
1422976570737 62
1422976631382 78
1422976691979 41
1422976752579 35
1422976813280 35
1422976873910 46
1422976934565 41
1422976995170 34
1422977055801 41
1422977116459 42
1422977177588 36
1422977238257 48
1422977299382 37
1422977360010 39
1422977420639 34
1422977481246 37
1422977541854 36
1422977602453 39
1422977663067 45
1422977723681 41
1422977784327 38
1422977844946 35
1422977905563 30
1422977966197 37
1422978026807 43
1422978087416 37
1422978148059 47
1422978208915 40
1422978269559 50
1422978330244 39
1422978390869 35
1422978451489 37
1422978512181 39
1422978572785 38
1422978633411 33
1422978694050 48
1422978754676 38
1422978815307 39
1422978875929 37
1422978936601 38
1422978997225 37
1422979058415 41
1422979119068 44
1422979179714 47
1422979240326 42
1422979300943 41
1422979361539 36
1422979422168 39
1422979482805 41
1422979543464 36
1422979604117 53
1422979664809 53
1422979725421 37
1422979786059 36
1422979846687 42
1422979907333 35
1422979967983 44
1422980028628 46
1422980089489 38
1422980150149 54
1422980210778 37
1422980271565 38
1422980332181 36
1422980392791 35
1422980453431 35
1422980514060 41
1422980574696 35
1422980635329 38
1422980695970 31
1422980756597 65
1422980817197 38
1422980877791 36
1422980938430 37
1422980999041 40
1422981059665 34
1422981120284 39
1422981180978 37
1422981241626 48
1422981302270 38
1422981362989 46
1422981423647 38
1422981484329 39
1422981544980 40
1422981605596 40
1422981666208 40
1422981726858 39
1422981788019 43
1422981848633 43
1422981909334 45
1422981969978 44
1422982030602 37
1422982091758 37
1422982152397 48
1422982213030 44
1422982273637 42
1422982334330 51
1422982394940 35
1422982455604 60
1422982516750 49
1422982577382 41
1422982637989 36
1422982698649 42
1422982759318 43
1422982819945 43
1422982880553 33
1422982941162 40
1422983001767 33
1422983062904 40
1422983123561 38
1422983184244 46
1422983244882 45
1422983305524 46
1422983366157 40
1422983426770 45
1422983487921 45
1422983548533 38
1422983609162 43
1422983669807 37
1422983730480 41
1422983791085 36
1422983851703 33
1422983912360 59
1422983973022 52
1422984033664 36
1422984094412 45
1422984155017 42
1422984215646 34
1422984276261 44
1422984336901 30
1422984397508 41
1422984458114 34
1422984518750 36
1422984579369 43
1422984640008 37
1422984700631 32
1422984761232 35
1422984821853 39
1422984882520 55
1422984943165 59
1422985003781 40
1422985064397 33
1422985125550 37
1422985186166 36
1422985246798 58
1422985307393 34
1422985368029 45
1422985428668 55
1422985489300 38
1422985549899 36
1422985610537 51
1422985671174 40
1422985731834 34
1422985792443 33
1422985853045 36
1422985913719 42
1422985974328 36
1422986035554 50
1422986096186 37
1422986157299 33
1422986217953 42
1422986278572 36
1422986339228 37
1422986399848 35
1422986460463 37
1422986521095 35
1422986581726 42
1422986642378 40
1422986703071 55
1422986763788 38
1422986824416 38
1422986885049 51
1422986945653 37
1422987006286 60
1422987066908 44
1422987127608 50
1422987188239 50
1422987248888 47
1422987309499 45
1422987370160 44
1422987430828 42
1422987491487 65
1422987552099 43
1422987612728 45
1422987673391 50
1422987734011 37
1422987794629 39
1422987855275 41
1422987915921 42
1422987976526 32
1422988037198 40
1422988097851 35
1422988158478 36
1422988219111 37
1422988279828 38
1422988340475 44
1422988401096 43
1422988461707 37
1422988522308 38
1422988583253 42
1422988643893 35
1422988704525 39
1422988765171 42
1422988825770 29
1422988886424 45
1422988947069 41
1422989007718 59
1422989068349 31
1422989129015 38
1422989189639 41
1422989250313 44
1422989310913 35
1422989371557 49
1422989432167 30
1422989492910 62
1422989554078 67
1422989614677 41
1422989675326 46
1422989735949 41
1422989796585 47
1422989858289 59
1422989918933 41
1422989979555 39
1422990040221 41
1422990100849 40
1422990161978 32
1422990222623 59
1422990283257 35
1422990343909 44
1422990404556 53
1422990465200 38
1422990525828 34
1422990586995 37
1422990648119 38
1422990708773 48
1422990769390 37
1422990830025 36
1422990890718 39
1422990951357 40
1422991011975 36
1422991072591 43
1422991133231 40
1422991193850 36
1422991254469 37
1422991315072 34
1422991375683 35
1422991436292 36
1422991496967 48
1422991557602 36
1422991618239 37
1422991678854 42
1422991740022 41
1422991801081 37
1422991861730 39
1422991922366 43
1422991983045 43
1422992043682 35
1422992104326 59
1422992164954 33
1422992225586 35
1422992286247 38
1422992346873 42
1422992407487 40
1422992468136 34
1422992528788 39
1422992589454 45
1422992650091 35
1422992710722 44
1422992771362 59
1422992832033 47
1422992892647 42
1422992953298 51
1422993013949 43
1422993074990 43
1422993135631 40
1422993196333 39
1422993256963 34
1422993317599 47
1422993378436 44
1422993439072 51
1422993500049 38
1422993560668 38
1422993621304 46
1422993681945 42
1422993742564 37
1422993803239 38
1422993863903 39
1422993924493 37
1422993985128 54
1422994045748 38
1422994106357 39
1422994166960 38
1422994227592 45
1422994288233 35
1422994348833 43
1422994409984 41
1422994470640 50
1422994531527 42
1422994592197 40
1422994652844 38
1422994713443 38
1422994774076 39
1422994834732 40
1422994895358 37
1422994956023 38
1422995016683 33
1422995077300 39
1422995138524 57
1422995199147 39
1422995259769 37
1422995320417 45
1422995381034 35
1422995441646 37
1422995502305 38
1422995563019 37
1422995623654 62
1422995684274 42
1422995745429 52
1422995806038 37
1422995866647 41
1422995927797 47
1422995988413 37
1422996049632 38
1422996110300 69
1422996170919 39
1422996231595 44
1422996292221 41
1422996352917 45
1422996413534 40
1422996474146 32
1422996534781 37
1422996595398 41
1422996656059 63
1422996716724 35
1422996777370 39
1422996837987 40
1422996898615 49
1422996959230 39
1422997019885 60
1422997080537 43
1422997141175 57
1422997201825 43
1422997262483 51
1422997323127 36
1422997383772 39
1422997444393 37
1422997505059 34
1422997565689 39
1422997626855 43
1422997687480 43
1422997748110 43
1422997808864 37
1422997869559 55
1422997930223 45
1422997990899 38
1422998051549 43
1422998112168 36
1422998172960 42
1422998233598 34
1422998294278 44
1422998354901 46
1422998415519 36
1422998476147 37
1422998536798 45
1422998597439 37
1422998658110 37
1422998718705 33
1422998779348 37
1422998840048 54
1422998900695 38
1422998961373 50
1422999022002 39
1422999082631 36
1422999143327 51
1422999203991 45
1422999264615 49
1422999325328 35
1422999385939 32
1422999446588 44
1422999507714 37
1422999568342 47
1422999629014 39
1422999689923 33
1422999751108 37
1422999811743 44
1422999872405 37
1422999933068 38
1422999993902 43
1423000054535 35
1423000115158 34
1423000175810 43
1423000236442 42
1423000297081 45
1423000357727 43
1423000418418 45
1423000479034 30
1423000539706 47
1423000600342 38
1423000660957 35
1423000721603 34
1423000782805 79
1423000843696 37
1423000904365 34
1423000965022 42
1423001025652 57
1423001086297 36
1423001146926 39
1423001207558 31
1423001268174 44
1423001328781 36
1423001389927 35
1423001450586 48
1423001511194 31
1423001571817 36
1423001632441 46
1423001693059 44
1423001753726 44
1423001814360 42
1423001875040 44
1423001935652 33
1423001996376 46
1423002057005 47
1423002117650 42
1423002178353 49
1423002239062 79
1423002299683 33
1423002360377 40
1423002421028 38
1423002481649 38
1423002542354 40
1423002603047 39
1423002663705 40
1423002724470 34
1423002785142 43
1423002845773 40
1423002906413 51
1423002967065 37
1423003027693 45
1423003088359 49
1423003149005 43
1423003210145 36
1423003270768 34
1423003331402 33
1423003392044 42
1423003452662 40
1423003513283 36
1423003573909 43
1423003634517 41
1423003695156 39
1423003755891 39
1423003816903 40
1423003877531 37
1423003938176 47
1423003998804 38
1423004059451 37
1423004120129 41
1423004180731 37
1423004241365 43
1423004301973 40
1423004363141 34
1423004423821 32
1423004484945 35
1423004545551 42
1423004606193 35
1423004666816 41
1423004727468 44
1423004788118 32
1423004848738 41
1423004909355 35
1423004970356 54
1423005030958 35
1423005091612 42
1423005152284 36
1423005213063 95
1423005273717 38
1423005334340 38
1423005394982 46
1423005455614 37
1423005516361 67
1423005576991 38
1423005637612 45
1423005698264 44
1423005758912 41
1423005819531 35
1423005880715 37
1423005941389 49
1423006002004 46
1423006062615 39
1423006123285 37
1423006183918 37
1423006244540 33
1423006305171 40
1423006365800 41
1423006426422 38
1423006487044 37
1423006547676 41
1423006608302 36
1423006668959 47
1423006729569 34
1423006790245 43
1423006850875 39
1423006911938 39
1423006972600 37
1423007033224 39
1423007093841 46
1423007155002 45
1423007215635 35
1423007276272 43
1423007336948 38
1423007397610 39
1423007458246 40
1423007518869 51
1423007579505 37
1423007640135 37
1423007700817 71
1423007761979 34
1423007822685 40
1423007883309 37
1423007943934 38
1423008004585 42
1423008065211 34
1423008126369 43
1423008187018 41
1423008247648 36
1423008308287 37
1423008368928 45
1423008429575 39
1423008490779 50
1423008551482 41
1423008612135 47
1423008672816 68
1423008733441 47
1423008794084 37
1423008854741 45
1423008915375 34
1423008976014 40
1423009036631 38
1423009097293 35
1423009157928 40
1423009218566 39
1423009279189 38
1423009339815 43
1423009400565 35
1423009461182 41
1423009522350 38
1423009582970 37
1423009643659 90
1423009704295 51
1423009764920 34
1423009825568 36
1423009886201 36
1423009946854 42
1423010007465 43
1423010068149 49
1423010128786 39
1423010189455 40
1423010250242 51
1423010310879 35
1423010371518 48
1423010432135 46
1423010492743 36
1423010553439 39
1423010614600 39
1423010675225 37
1423010735888 46
1423010797028 60
1423010857661 39
1423010918312 36
1423010978959 36
1423011039592 44
1423011100206 39
1423011160899 37
1423011221551 48
1423011282171 39
1423011343305 43
1423011403986 73
1423011464632 45
1423011525333 52
1423011585956 37
1423011646653 53
1423011707285 39
1423011767951 53
1423011828592 42
1423011889206 37
1423011949876 39
1423012010505 36
1423012071163 35
1423012132337 40
1423012193050 36
1423012253667 35
1423012314350 37
1423012375079 38
1423012435714 41
1423012496380 53
1423012557008 34
1423012617646 41
1423012678286 46
1423012738904 34
1423012799543 38
1423012860221 39
1423012920898 47
1423012981566 56
1423013042203 41
1423013102872 38
1423013163535 45
1423013224198 54
1423013284824 38
1423013345431 42
1423013406178 131
1423013466849 39
1423013527537 46
1423013588171 38
1423013649338 33
1423013709963 43
1423013771136 36
1423013831812 58
1423013892533 37
1423013953213 38
1423014013850 33
1423014075025 53
1423014135642 38
1423014196277 46
1423014256902 38
1423014317540 36
1423014378166 37
1423014438796 33
1423014499426 34
1423014560094 38
1423014621283 51
1423014681938 47
1423014742582 40
1423014803742 42
1423014864448 40
1423014925074 44
1423014985769 35
1423015046427 36
1423015107643 45
1423015168267 39
1423015228922 35
1423015289647 60
1423015350275 38
1423015411508 42
1423015472129 36
1423015532752 41
1423015593379 37
1423015654019 50
1423015714656 55
1423015775383 42
1423015836001 35
1423015896742 41
1423015957383 39
1423016018043 41
1423016078705 42
1423016141470 38
1423016202107 38
1423016262726 37
1423016323381 39
1423016384057 37
1423016444733 39
1423016505423 36
1423016566043 35
1423016626699 38
1423016687345 38
1423016748491 40
1423016809467 36
1423016870100 37
1423016930750 34
1423016991438 42
1423017052057 40
1423017112675 37
1423017173346 34
1423017234011 40
1423017294641 38
1423017355278 36
1423017415919 34
1423017476562 45
1423017537212 45
1423017598413 45
1423017659051 41
1423017720101 43
1423017780834 46
1423017841563 38
1423017902287 34
1423017963195 107
1423018024178 38
1423018084843 30
1423018145533 54
1423018206240 40
1423018266911 36
1423018327547 40
1423018388185 46
1423018448817 36
1423018509443 40
1423018570081 38
1423018630727 56
1423018691395 67
1423018752071 39
1423018812725 36
1423018873375 42
1423018934041 42
1423018994668 35
1423019055840 43
1423019116481 41
1423019177140 34
1423019238336 54
1423019298974 37
1423019359639 44
1423019420260 35
1423019480881 35
1423019541500 40
1423019602131 39
1423019662778 35
1423019723434 37
1423019784086 44
1423019844772 38
1423019905442 30
1423019966099 54
1423020026751 68
1423020087411 43
1423020148057 44
1423020208749 38
1423020269376 36
1423020330010 39
1423020390639 44
1423020451393 39
1423020512032 39
1423020572676 40
1423020633317 37
1423020693976 42
1423020755118 39
1423020816031 37
1423020876667 43
1423020937310 39
1423020997953 47
1423021058568 42
1423021119722 48
1423021180381 42
1423021241043 44
1423021301677 36
1423021362296 36
1423021422928 47
1423021483615 45
1423021544260 35
1423021604945 45
1423021665661 63
1423021726820 39
1423021787469 40
1423021848088 33
1423021908731 39
1423021969980 36
1423022030626 33
1423022091302 37
1423022151948 40
1423022212627 45
1423022273301 35
1423022334436 36
1423022395055 40
1423022455721 42
1423022516353 43
1423022576995 37
1423022638227 50
1423022698867 38
1423022759529 35
1423022820150 35
1423022880818 44
1423022941446 42
1423023002128 47
1423023062777 44
1423023123964 36
1423023184609 41
1423023245245 35
1423023305902 56
1423023366677 41
1423023427348 42
1423023488013 42
1423023548634 34
1423023609256 36
1423023669918 39
1423023730582 38
1423023791237 38
1423023851881 42
1423023912521 42
1423023973166 34
1423024033806 43
1423024094510 40
1423024155205 58
1423024215848 43
1423024276493 45
1423024337122 54
1423024398256 39
1423024458924 56
1423024520085 39
1423024580814 39
1423024641492 36
1423024702181 62
1423024762788 39
1423024823480 53
1423024884139 50
1423024944926 36
1423025005580 50
1423025066581 48
1423025127316 57
1423025188173 49
1423025248823 39
1423025309530 55
1423025370306 41
1423025430978 53
1423025491637 36
1423025552269 43
1423025612903 34
1423025673550 38
1423025734223 36
1423025794921 41
1423025855588 37
1423025916214 36
1423025976875 41
1423026037513 34
1423026099261 45
1423026159889 42
1423026220531 39
1423026281178 35
1423026341852 44
1423026402530 38
1423026463179 43
1423026523830 35
1423026584567 46
1423026645191 42
1423026705809 34
1423026766452 36
1423026827092 37
1423026888045 38
1423026948774 44
1423027009412 42
1423027070050 36
1423027131250 40
1423027192238 38
1423027253004 38
1423027314242 43
1423027374913 48
1423027435585 39
1423027496261 38
1423027557083 39
1423027617739 43
1423027678414 38
1423027739073 38
1423027799747 35
1423027860430 43
1423027921092 43
1423027981847 59
1423028042543 35
1423028103198 41
1423028163854 44
1423028224516 40
1423028285151 34
1423028345831 47
1423028406455 43
1423028467612 35
1423028528268 38
1423028588903 34
1423028649541 37
1423028710193 36
1423028771388 37
1423028832012 35
1423028893087 43
1423028953740 33
1423029014381 36
1423029075013 41
1423029135644 41
1423029196309 45
1423029256941 37
1423029317582 40
1423029378245 41
1423029438881 47
1423029499594 40
1423029560273 45
1423029620938 36
1423029681663 35
1423029742283 38
1423029802912 38
1423029863547 38
1423029924194 44
1423029984847 41
1423030045510 39
1423030106237 34
1423030167446 43
1423030228188 40
1423030288913 43
1423030349591 38
1423030410755 36
1423030471393 36
1423030532115 39
1423030592797 40
1423030653503 38
1423030714171 52
1423030774822 38
1423030835469 42
1423030896148 38
1423030956787 40
1423031017435 37
1423031078651 45
1423031139296 39
1423031199953 40
1423031260586 35
1423031321232 42
1423031381863 42
1423031442499 52
1423031503132 40
1423031563784 43
1423031624419 47
1423031685139 36
1423031745819 33
1423031806495 42
1423031867166 44
1423031927891 37
1423031988536 39
1423032049182 41
1423032109842 44
1423032170494 38
1423032231182 34
1423032291795 34
1423032352412 39
1423032413101 57
1423032473756 49
1423032534390 34
1423032595036 33
1423032655766 45
1423032717453 45
1423032778082 38
1423032838823 91
1423032899496 42
1423032960166 35
1423033020818 34
1423033081502 34
1423033142225 69
1423033202850 34
1423033263521 39
1423033324199 43
1423033384856 35
1423033445507 39
1423033506159 37
1423033566821 57
1423033627486 42
1423033688134 46
1423033748764 37
1423033809380 35
1423033870689 57
1423033931317 42
1423033991967 38
1423034052616 43
1423034113307 34
1423034173952 42
1423034234573 33
1423034295239 39
1423034355895 60
1423034416558 36
1423034477214 50
1423034537868 38
1423034598494 35
1423034659194 34
1423034719851 49
1423034780513 52
1423034841180 44
1423034901845 40
1423034962501 40
1423035023125 30
1423035083795 34
1423035144431 36
1423035205064 37
1423035265737 36
1423035326363 42
1423035387009 34
1423035447643 36
1423035508310 43
1423035569110 51
1423035629755 33
1423035690416 44
1423035751060 37
1423035811703 36
1423035872347 45
1423035933002 37
1423035993664 33
1423036054328 42
1423036115022 41
1423036175694 41
1423036236388 41
1423036297557 37
1423036358776 51
1423036419438 56
1423036480086 46
1423036540795 36
1423036601440 44
1423036662092 42
1423036722738 43
1423036783389 48
1423036844047 30
1423036904694 32
1423036965465 47
1423037026106 37
1423037087323 56
1423037147980 40
1423037208672 38
1423037269342 39
1423037329981 48
1423037390606 39
1423037451273 41
1423037512458 48
1423037573103 38
1423037633743 44
1423037694410 47
1423037755068 41
1423037815712 44
1423037876353 46
1423037937032 35
1423037997691 36
1423038058309 35
1423038118956 36
1423038179601 35
1423038240246 40
1423038300945 47
1423038362149 41
1423038422934 41
1423038484141 43
1423038544798 39
1423038605444 32
1423038666172 69
1423038726812 41
1423038787478 43
1423038848187 40
1423038908851 38
1423038969522 50
1423039030188 42
1423039090879 38
1423039151543 48
1423039212182 35
1423039273084 34
1423039333737 35
1423039394359 36
1423039455035 42
1423039516216 44
1423039576895 41
1423039637554 45
1423039698197 34
1423039758859 37
1423039819528 41
1423039880214 40
1423039940869 42
1423040001491 34
1423040062191 51
1423040122870 41
1423040183509 35
1423040244174 39
1423040304807 35
1423040365437 43
1423040426108 41
1423040486791 35
1423040547971 55
1423040608619 42
1423040669259 40
1423040730023 38
1423040790694 47
1423040851365 54
1423040912554 40
1423040973202 41
1423041033853 37
1423041094480 40
1423041155131 37
1423041215810 46
1423041276501 41
1423041337131 35
1423041397801 40
1423041458536 39
1423041519722 37
1423041580350 39
1423041641007 38
1423041701658 40
1423041762323 36
1423041822964 36
1423041884135 32
1423041944881 40
1423042005570 55
1423042066221 44
1423042126887 49
1423042187550 34
1423042248181 34
1423042308823 35
1423042370070 39
1423042430911 50
1423042491592 51
1423042552283 43
1423042613013 37
1423042674030 39
1423042734702 49
1423042795930 42
1423042856572 37
1423042917245 45
1423042978165 40
1423043038826 42
1423043099539 34
1423043160197 40
1423043221424 72
1423043282672 39
1423043343348 35
1423043404015 41
1423043464662 38
1423043525350 33
1423043586013 42
1423043646706 43
1423043707377 41
1423043768061 42
1423043828772 38
1423043889984 36
1423043950670 42
1423044011342 49
1423044072004 41
1423044133217 54
1423044193843 35
1423044254478 38
1423044315160 41
1423044375819 36
1423044436461 38
1423044497656 33
1423044558296 40
1423044618962 43
1423044679635 56
1423044740827 39
1423044801481 38
1423044862140 49
1423044922784 37
1423044983489 57
1423045044352 42
1423045105011 45
1423045165631 34
1423045226288 33
1423045286970 48
1423045348133 37
1423045408821 43
1423045469477 39
1423045530630 34
1423045591300 36
1423045651990 41
1423045712652 69
1423045773583 85
1423045834254 34
1423045894914 42
1423045955615 35
1423046016267 34
1423046076931 38
1423046137583 40
1423046198270 41
1423046258941 55
1423046319605 35
1423046380277 48
1423046440945 45
1423046501636 36
1423046562276 34
1423046622940 58
1423046683619 41
1423046744276 42
1423046805182 49
1423046866381 41
1423046927030 31
1423046988824 45
1423047050037 34
1423047110701 36
1423047171357 42
1423047232006 42
1423047292635 33
1423047353299 42
1423047413997 35
1423047474633 42
1423047535421 37
1423047596107 46
1423047656789 42
1423047717439 44
1423047778089 38
1423047838785 50
1423047899464 42
1423047960126 36
1423048020789 41
1423048081548 48
1423048142288 71
1423048203075 44
1423048263760 59
1423048324517 49
1423048385199 34
1423048445902 56
1423048506569 39
1423048567246 37
1423048627918 41
1423048688571 59
1423048749227 31
1423048809890 36
1423048870545 34
1423048931205 49
1423048991876 36
1423049052531 37
1423049113157 34
1423049173821 35
1423049234476 36
1423049295140 45
1423049355833 42
1423049416526 43
1423049477176 38
1423049537805 33
1423049598473 39
1423049659210 50
1423049719861 39
1423049780505 37
1423049841168 39
1423049901812 37
1423049962461 51
1423050023635 43
1423050084318 40
1423050145008 47
1423050205664 52
1423050266294 40
1423050326997 38
1423050387629 34
1423050448824 47
1423050509981 38
1423050570621 35
1423050631249 37
1423050691894 46
1423050752610 46
1423050813301 39
1423050874061 41
1423050934703 41
1423050995346 40
1423051055985 36
1423051116628 36
1423051177275 33
1423051237922 40
1423051298597 41
1423051359277 35
1423051420473 40
1423051481135 38
1423051542319 36
1423051602980 44
1423051663650 42
1423051724336 43
1423051785012 36
1423051845669 37
1423051906339 43
1423051967512 36
1423052028175 39
1423052088833 34
1423052149469 36
1423052211203 45
1423052271844 39
1423052332510 47
1423052393212 35
1423052453954 120
1423052514621 49
1423052575287 37
1423052635943 43
1423052696601 37
1423052757235 35
1423052818419 46
1423052879090 36
1423052939778 37
1423053000518 37
1423053061189 38
1423053122141 60
1423053182854 56
1423053243750 39
1423053304443 56
1423053365083 37
1423053425984 36
1423053486647 46
1423053547295 41
1423053607954 44
1423053668812 42
1423053729490 42
1423053790115 34
1423053850774 39
1423053911931 38
1423053972681 40
1423054033891 41
1423054094564 37
1423054155222 38
1423054215871 37
1423054276521 35
1423054337176 38
1423054397810 35
1423054458522 44
1423054519178 35
1423054579822 38
1423054640464 36
1423054701136 38
1423054761800 40
1423054822481 38
1423054883663 35
1423054944323 35
1423055004966 44
1423055065624 36
1423055126307 41
1423055187005 42
1423055247652 36
1423055309387 52
1423055370068 43
1423055430718 35
1423055491915 48
1423055552631 40
1423055613307 39
1423055674065 39
1423055734767 46
1423055795413 35
1423055856071 35
1423055916731 37
1423055977436 41
1423056038079 37
1423056098747 34
1423056159461 35
1423056220113 35
1423056280784 37
1423056341423 39
1423056402114 43
1423056462800 49
1423056523449 35
1423056584139 38
1423056644814 44
1423056705474 40
1423056766121 39
1423056826766 39
1423056887417 36
1423056948109 42
1423057008800 51
1423057070021 37
1423057130721 44
1423057191401 38
1423057252078 49
1423057312805 68
1423057373460 40
1423057434132 33
1423057494774 43
1423057555852 52
1423057616496 39
1423057677138 38
1423057737834 46
1423057798798 37
1423057859488 35
1423057920665 33
1423057981367 41
1423058042154 39
1423058102843 40
1423058163487 37
1423058224151 35
1423058285341 46
1423058346076 41
1423058406747 37
1423058467420 42
1423058528072 45
1423058588714 38
1423058649362 46
1423058710117 49
1423058770757 40
1423058831416 54
1423058892115 42
1423058952761 48
1423059013560 64
1423059074313 39
1423059134967 36
1423059195636 39
1423059256321 42
1423059317545 39
1423059378738 37
1423059439404 38
1423059500638 55
1423059561302 35
1423059622017 38
1423059682746 80
1423059743409 38
1423059804092 41
1423059864771 44
1423059925445 43
1423059986094 38
1423060046870 42
1423060107617 37
1423060168331 50
1423060229015 43
1423060289733 40
1423060350456 51
1423060411172 47
1423060472351 39
1423060533013 41
1423060593674 34
1423060654388 41
1423060715044 52
1423060775809 38
1423060836982 39
1423060897688 44
1423060958369 36
1423061019575 37
1423061080236 55
1423061140884 35
1423061201613 39
1423061262262 34
1423061323002 53
1423061383682 39
1423061444347 43
1423061504999 41
1423061565634 39
1423061626325 37
1423061687006 45
1423061747697 65
1423061808330 39
1423061868988 39
1423061929638 35
1423061990338 41
1423062051038 42
1423062111721 35
1423062172371 41
1423062233065 42
1423062293736 47
1423062354422 35
1423062415077 37
1423062475771 53
1423062536440 42
1423062597149 42
1423062657850 39
1423062718542 49
1423062779201 48
1423062839862 40
1423062901116 39
1423062961814 46
1423063022552 72
1423063083274 37
1423063143970 37
1423063204623 40
1423063265332 31
1423063325984 40
1423063386691 49
1423063447353 38
1423063508016 37
1423063568712 42
1423063629410 58
1423063690100 58
1423063750753 39
1423063811418 35
1423063872349 36
1423063933001 38
1423063993666 34
1423064054354 43
1423064115047 39
1423064175742 42
1423064236422 35
1423064297223 48
1423064357936 36
1423064418612 43
1423064479268 39
1423064539949 50
1423064600576 35
1423064661257 36
1423064721930 45
1423064782865 41
1423064843550 41
1423064904224 47
1423064964931 39
1423065025609 37
1423065086872 40
1423065148074 45
1423065209257 43
1423065269995 40
1423065330674 40
1423065391372 37
1423065452026 32
1423065512704 39
1423065573373 38
1423065634037 37
1423065695265 50
1423065756481 44
1423065817150 34
1423065877844 52
1423065938882 69
1423065999536 40
1423066060238 37
1423066121420 42
1423066182635 41
1423066243269 36
1423066303920 40
1423066364570 38
1423066425239 36
1423066486465 41
1423066547145 40
1423066607812 37
1423066668521 45
1423066729167 46
1423066789833 37
1423066850498 42
1423066911168 36
1423066971844 43
1423067032512 43
1423067093230 55
1423067153865 38
1423067214528 36
1423067275749 40
1423067336418 38
1423067397049 36
1423067457723 49
1423067518422 36
1423067579108 39
1423067639774 38
1423067700436 51
1423067761097 36
1423067821824 40
1423067882537 35
1423067943489 49
1423068004168 34
1423068065342 34
1423068126041 35
1423068186700 39
1423068247353 38
1423068308028 46
1423068368737 33
1423068429413 44
1423068490641 39
1423068551324 41
1423068611962 38
1423068672616 36
1423068733323 39
1423068793956 35
1423068854622 40
1423068915433 42
1423068976091 41
1423069036771 46
1423069097457 32
1423069158152 47
1423069219072 38
1423069279742 36
1423069340396 37
1423069401051 40
1423069462040 33
1423069522696 37
1423069583360 33
1423069644060 55
1423069705234 44
1423069765902 36
1423069826577 40
1423069887802 68
1423069948978 35
1423070009680 36
1423070070339 36
1423070131021 41
1423070191717 39
1423070252377 47
1423070313015 38
1423070373741 35
1423070434595 51
1423070495395 42
1423070556619 32
1423070617349 52
1423070678012 34
1423070738692 35
1423070799606 45
1423070860277 38
1423070920935 35
1423070981605 47
1423071042400 43
1423071103083 33
1423071163758 40
1423071224944 49
1423071285617 40
1423071346281 39
1423071407255 35
1423071467975 38
1423071528631 37
1423071589299 40
1423071649953 33
1423071710597 37
1423071771762 57
1423071832458 38
1423071893147 39
1423071954555 43
1423072015235 35
1423072075939 44
1423072136595 43
1423072197765 41
1423072258445 33
1423072319194 49
1423072380387 38
1423072441065 41
1423072501753 36
1423072562428 36
1423072623170 37
1423072684385 36
1423072745065 32
1423072805766 47
1423072866447 41
1423072927650 41
1423072988336 34
1423073049019 37
1423073110294 41
1423073171505 40
1423073232168 39
1423073292925 36
1423073353610 42
1423073414286 35
1423073474996 47
1423073535644 38
1423073596329 36
1423073657051 44
1423073717745 70
1423073778745 35
1423073839590 42
1423073900778 38
1423073961451 33
1423074022678 36
1423074083391 78
1423074144053 42
1423074204704 36
1423074265371 36
1423074326069 41
1423074386777 34
1423074447488 45
1423074508150 37
1423074568842 44
1423074629494 34
1423074690155 38
1423074750851 45
1423074811486 32
1423074872141 39
1423074932787 33
1423074994008 44
1423075054681 62
1423075115328 39
1423075175988 37
1423075236645 35
1423075297298 38
1423075357974 42
1423075418799 50
1423075479558 40
1423075540229 36
1423075600922 38
1423075661661 42
1423075722333 37
1423075782986 37
1423075843645 34
1423075904318 40
1423075965000 46
1423076025702 33
1423076086385 40
1423076147120 35
1423076207810 41
1423076268477 36
1423076329182 56
1423076389889 43
1423076450538 39
1423076511235 40
1423076572419 39
1423076633122 41
1423076693789 36
1423076754456 35
1423076815207 47
1423076875879 33
1423076936593 55
1423076997289 34
1423077058002 50
1423077118659 34
1423077179353 39
1423077240016 40
1423077300690 41
1423077361378 36
1423077422105 47
1423077482786 40
1423077543596 43
1423077604400 119
1423077665111 43
1423077725751 34
1423077786436 48
1423077847125 47
1423077911505 44
1423077972228 38
1423078033457 45
1423078094102 34
1423078154772 40
1423078215486 41
1423078276232 40
1423078336886 38
1423078397558 41
1423078458516 39
1423078519190 39
1423078579828 35
1423078640505 47
1423078701687 34
1423078762391 49
1423078823090 39
1423078883757 34
1423078944450 48
1423079005304 75
1423079065975 31
1423079126622 41
1423079187822 41
1423079248722 36
1423079309467 42
1423079370132 37
1423079430843 36
1423079491502 34
1423079552182 37
1423079612992 51
1423079673678 35
1423079734328 35
1423079794981 41
1423079855627 35
1423079916346 42
1423079977001 44
1423080038211 44
1423080098897 35
1423080159565 45
1423080220238 38
1423080280913 34
1423080341610 56
1423080402287 45
1423080462964 40
1423080523654 56
1423080584312 40
1423080645508 33
1423080706161 39
1423080766815 40
1423080827513 46
1423080888169 38
1423080949232 39
1423081009924 45
1423081070595 37
1423081131296 52
1423081192497 39
1423081253203 51
1423081313900 45
1423081374591 43
1423081435263 44
1423081495931 36
1423081556618 38
1423081617338 61
1423081678007 39
1423081739277 58
1423081799954 41
1423081860634 35
1423081921351 56
1423081982084 42
1423082042839 37
1423082103553 38
1423082164267 44
1423082224929 39
1423082285603 39
1423082346265 38
1423082406937 36
1423082467615 36
1423082528322 39
1423082588968 38
1423082649649 39
1423082710354 44
1423082771017 35
1423082831689 41
1423082892357 36
1423082953024 40
1423083013697 37
1423083074344 40
1423083135027 38
1423083195747 44
1423083256467 48
1423083317192 34
1423083378384 41
1423083439053 44
1423083499783 42
1423083560466 40
1423083621128 38
1423083681790 42
1423083742488 36
1423083803189 35
1423083863944 34
1423083924686 54
1423083986445 44
1423084047124 41
1423084107867 51
1423084168589 44
1423084229866 49
1423084291650 33
1423084352310 35
1423084413065 38
1423084473756 53
1423084534405 38
1423084595063 39
1423084655734 39
1423084716438 40
1423084777114 49
1423084837841 42
1423084898495 33
1423084959192 43
1423085019914 78
1423085080573 37
1423085141746 35
1423085202430 38
1423085263086 42
1423085323768 41
1423085384473 43
1423085445166 35
1423085506420 40
1423085567097 39
1423085628061 38
1423085689246 38
1423085749911 36
1423085810582 38
1423085871225 37
1423085932457 44
1423085993124 36
1423086053793 40
1423086114500 42
1423086175157 35
1423086235818 38
1423086297009 36
1423086357711 43
1423086418965 37
1423086479637 35
1423086540331 37
1423086601034 37
1423086661755 45
1423086722800 45
1423086783534 31
1423086844221 33
1423086904915 40
1423086965586 37
1423087026295 35
1423087086943 37
1423087147636 47
1423087208349 46
1423087269056 39
1423087330236 35
1423087390906 41
1423087451606 37
1423087512352 51
1423087573030 41
1423087633709 43
1423087694466 41
1423087755479 36
1423087816183 44
1423087876867 41
1423087937573 50
1423087998789 34
1423088059480 49
1423088120721 43
1423088181393 39
1423088242087 36
1423088302763 48
1423088363487 40
1423088424704 36
1423088485405 41
1423088546082 36
1423088607299 49
1423088668485 33
1423088729250 124
1423088789923 38
1423088850583 36
1423088911281 46
1423088971963 37
1423089032611 32
1423089093295 44
1423089154054 44
1423089214733 39
1423089275423 44
1423089336622 36
1423089397310 36
1423089457971 51
1423089518674 45
1423089579379 38
1423089640072 36
1423089700758 44
1423089762017 42
1423089822741 40
1423089883460 43
1423089944114 42
1423090004869 37
1423090065518 38
1423090126150 34
1423090186831 40
1423090247495 43
1423090308217 36
1423090368880 38
1423090429561 45
1423090490758 40
1423090551557 38
1423090612247 38
1423090672918 35
1423090733617 36
1423090794283 38
1423090855536 48
1423090916177 33
1423090976942 52
1423091037644 44
1423091098302 37
1423091158987 35
1423091219699 45
1423091280894 36
1423091341752 40
1423091402469 55
1423091463225 40
1423091523902 33
1423091584595 36
1423091645281 38
1423091705961 34
1423091766620 40
1423091827533 36
1423091888199 43
1423091948887 37
1423092009601 47
1423092070278 41
1423092131060 59
1423092191794 39
1423092253031 49
1423092313696 40
1423092374418 45
1423092435077 45
1423092495799 44
1423092556449 36
1423092617149 42
1423092677826 37
1423092738552 35
1423092799441 39
1423092860116 38
1423092920793 35
1423092981477 46
1423093042717 42
1423093103445 39
1423093164636 36
1423093225827 40
1423093287041 38
1423093347691 34
1423093408538 38
1423093469236 70
1423093529911 38
1423093590598 38
1423093651302 38
1423093711989 41
1423093772669 44
1423093833343 37
1423093894125 44
1423093954807 38
1423094015453 35
1423094076119 33
1423094136836 38
1423094197495 42
1423094258170 38
1423094318810 39
1423094379470 35
1423094440146 38
1423094500870 52
1423094561577 43
1423094622264 40
1423094682988 53
1423094744198 40
1423094805659 39
1423094866351 48
1423094927000 38
1423094987697 36
1423095048441 43
1423095109168 52
1423095169841 36
1423095230493 34
1423095291212 44
1423095351928 41
1423095412649 38
1423095473358 44
1423095534014 35
1423095594743 49
1423095655413 42
1423095716132 35
1423095777364 32
1423095838040 40
1423095898803 45
1423095959497 36
1423096020211 36
1423096080895 46
1423096141617 35
1423096202331 41
1423096263550 41
1423096324317 51
1423096385515 50
1423096446763 46
1423096507428 42
1423096568213 53
1423096628956 47
1423096689672 39
1423096750378 38
1423096811223 56
1423096871915 44
1423096932618 37
1423096993346 45
1423097054041 35
1423097114719 42
1423097175429 42
1423097236112 44
1423097296829 34
1423097357524 35
1423097418227 46
1423097478932 44
1423097539616 45
1423097600295 37
1423097661055 38
1423097721747 39
1423097782997 47
1423097844206 33
1423097904954 45
1423097965634 35
1423098026861 40
1423098088121 37
1423098148799 43
1423098209550 39
1423098270673 47
1423098331373 45
1423098392117 44
1423098452773 42
1423098513463 40
1423098574184 37
1423098634861 36
1423098695528 36
1423098756234 42
1423098816906 38
1423098877599 38
1423098938273 42
1423098998981 39
1423099059632 34
1423099120348 60
1423099181615 44
1423099242297 41
1423099303002 44
1423099363792 52
1423099424567 40
1423099485228 36
1423099545953 52
1423099606636 37
1423099667337 60
1423099728035 44
1423099788715 38
1423099849438 46
1423099910164 43
1423099970891 46
1423100032114 40
1423100092791 38
1423100153532 53
1423100214216 38
1423100274906 40
1423100336097 50
1423100397890 41
1423100459148 46
1423100519856 36
1423100580539 54
1423100641245 41
1423100701959 47
1423100762725 39
1423100823439 56
1423100884640 35
1423100945311 35
1423101005987 40
1423101066681 35
1423101127388 55
1423101188174 42
1423101248922 53
1423101309647 39
1423101370435 52
1423101431199 39
1423101491900 36
1423101552612 40
1423101613282 41
1423101673967 46
1423101734669 38
1423101795413 36
1423101856104 39
1423101917321 37
1423101978043 37
1423102038774 37
1423102099487 45
1423102160206 40
1423102220933 52
1423102282165 36
1423102342859 40
1423102403913 37
1423102464589 40
1423102525288 38
1423102585991 37
1423102646673 40
1423102707377 42
1423102768045 35
1423102828737 40
1423102889404 36
1423102950081 34
1423103010753 40
1423103071478 35
1423103132211 38
1423103192910 42
1423103253616 34
1423103314277 31
1423103374942 38
1423103435693 46
1423103496917 42
1423103557601 37
1423103618859 38
1423103679570 37
1423103740290 41
1423103800983 49
1423103861661 41
1423103922344 37
1423103983069 49
1423104044253 32
1423104104972 42
1423104166085 60
1423104226770 42
1423104287452 36
1423104348148 40
1423104408875 40
1423104469551 35
1423104530251 34
1423104591466 40
1423104652138 34
1423104712880 50
1423104774000 37
1423104834662 35
1423104895458 50
1423104956132 43
1423105016837 39
1423105078068 43
1423105138729 34
1423105200458 35
1423105261150 40
1423105321863 42
1423105382660 57
1423105443958 36
1423105504677 45
1423105565350 48
1423105626091 50
1423105686856 43
1423105747550 44
1423105808278 61
1423105868957 36
1423105929680 42
1423105990398 47
1423106051603 33
1423106112268 32
1423106172948 40
1423106233673 42
1423106294345 36
1423106355078 38
1423106415746 39
1423106476454 38
1423106537146 40
1423106597844 36
1423106658538 38
1423106719264 43
1423106779968 39
1423106840660 43
1423106901335 32
1423106962053 39
1423107022767 45
1423107083501 48
1423107144176 52
1423107204836 35
1423107265511 36
1423107326297 66
1423107387004 52
1423107448472 48
1423107509286 40
1423107569968 37
1423107630657 38
1423107692381 37
1423107753067 49
1423107813743 34
1423107874939 43
1423107935632 43
1423107996550 41
1423108057228 45
1423108117963 39
1423108178656 36
1423108239375 45
1423108300591 34
1423108361249 37
1423108421980 39
1423108482670 35
1423108543384 35
1423108604084 36
1423108665303 43
1423108725985 46
1423108787248 36
1423108848454 40
1423108909199 44
1423108969908 37
1423109030636 39
1423109091324 41
1423109152076 41
1423109213823 35
1423109274512 39
1423109335193 44
1423109395896 37
1423109457121 52
1423109517819 41
1423109578511 40
1423109639276 45
1423109699970 37
1423109761198 37
1423109821910 44
1423109882615 37
1423109943818 37
1423110004508 37
1423110065465 44
1423110126765 33
1423110187523 36
1423110248337 45
1423110309038 45
1423110369920 43
1423110430642 41
1423110491369 46
1423110552084 47
1423110612827 36
1423110673520 39
1423110734227 46
1423110794912 36
1423110855586 37
1423110916293 38
1423110977039 39
1423111037728 41
1423111098439 43
1423111159123 35
1423111219823 46
1423111280523 49
1423111341198 42
1423111401880 37
1423111462706 40
1423111523945 41
1423111584656 42
1423111645341 49
1423111706058 37
1423111766769 42
1423111827451 36
1423111888153 36
1423111948842 45
1423112010058 48
1423112070767 40
1423112131451 45
1423112192668 39
1423112253400 38
1423112314142 40
1423112374828 44
1423112435528 34
1423112496219 53
1423112556922 43
1423112617661 65
1423112678466 44
1423112739194 46
1423112799932 49
1423112860637 41
1423112921348 34
1423112982141 37
1423113042821 42
1423113103511 50
1423113164206 36
1423113224896 37
1423113285582 35
1423113346810 39
1423113407541 42
1423113468227 39
1423113528990 47
1423113589703 47
1423113650425 41
1423113711193 37
1423113772420 42
1423113833155 41
1423113893904 37
1423113954641 42
1423114015349 47
1423114076072 37
1423114136761 44
1423114197456 40
1423114258182 36
1423114318860 37
1423114379600 38
1423114440323 42
1423114501009 36
1423114561706 34
1423114622461 40
1423114683290 40
1423114744152 40
1423114805491 34
1423114866173 40
1423114927213 33
1423114988058 37
1423115048876 61
1423115109608 47
1423115170317 35
1423115230992 42
1423115292205 36
1423115352890 42
1423115413607 45
1423115475378 41
1423115536045 33
1423115596727 35
1423115657934 36
1423115718655 49
1423115779356 39
1423115840135 50
1423115900833 44
1423115961495 31
1423116023270 36
1423116083953 42
1423116144635 43
1423116205338 35
1423116266013 32
1423116326702 33
1423116387381 43
1423116448093 37
1423116508768 36
1423116569453 35
1423116630697 38
1423116691389 37
1423116752580 31
1423116813279 41
1423116873989 38
1423116934748 76
1423116996463 40
1423117057109 34
1423117117799 36
1423117178494 39
1423117239196 45
1423117300066 47
1423117360769 43
1423117421438 37
1423117482112 35
1423117542790 42
1423117603578 46
1423117664814 46
1423117725624 33
1423117786294 32
1423117846986 42
1423117907700 44
1423117968492 36
1423118029196 36
1423118090290 32
1423118151213 72
1423118212345 32
1423118273595 37
1423118334313 45
1423118394988 36
1423118455688 32
1423118516446 45
1423118577191 34
1423118637912 42
1423118698634 42
1423118759354 41
1423118820092 45
1423118880833 35
1423118941548 35
1423119002285 44
1423119062977 39
1423119123723 44
1423119184461 34
1423119245320 53
1423119306609 49
1423119367270 33
1423119427977 40
1423119489242 41
1423119550553 40
1423119611300 36
1423119672031 38
1423119733265 37
1423119793986 35
1423119854679 36
1423119915420 48
1423119976226 48
1423120036915 40
1423120098140 44
1423120158874 37
1423120219585 41
1423120280283 40
1423120340989 33
1423120401729 43
1423120462425 36
1423120523112 40
1423120583804 35
1423120645025 37
1423120705712 35
1423120766428 35
1423120827182 47
1423120888456 59
1423120949122 36
1423121009805 43
1423121070483 37
1423121131173 46
1423121191872 42
1423121252639 38
1423121313342 43
1423121374584 47
1423121435309 36
1423121496022 33
1423121556695 39
1423121617378 38
1423121678074 38
1423121738786 32
1423121799494 36
1423121860872 40
1423121922097 70
1423121982770 36
1423122043484 38
1423122104275 42
1423122165077 61
1423122226886 38
1423122287616 40
1423122348911 41
1423122409618 40
1423122470882 31
1423122531586 39
1423122592310 43
1423122653515 48
1423122714205 37
1423122774889 41
1423122835579 36
1423122896271 35
1423122956974 38
1423123017747 38
1423123078525 46
1423123139568 41
1423123200282 44
1423123261197 36
1423123321962 48
1423123382694 39
1423123443438 34
1423123504144 39
1423123564896 39
1423123625611 34
1423123686328 36
1423123747002 34
1423123807703 38
1423123868403 45
1423123930135 36
1423123991329 37
1423124052089 40
1423124112798 41
1423124173459 34
1423124234174 35
1423124294874 35
1423124355557 43
1423124416290 69
1423124476964 37
1423124537669 44
1423124598369 39
1423124659088 40
1423124720304 50
1423124781062 41
1423124842337 40
1423124903575 42
1423124964377 41
1423125025121 37
1423125085799 40
1423125146505 45
1423125207267 44
1423125267962 36
1423125328643 36
1423125389876 39
1423125451130 40
1423125511854 36
1423125572615 41
1423125633380 42
1423125694068 44
1423125754806 37
1423125815490 42
1423125876180 38
1423125936873 47
1423125997580 36
1423126058867 44
1423126119581 39
1423126180818 54
1423126241507 38
1423126302178 37
1423126363407 43
1423126424069 36
1423126484752 38
1423126545492 42
1423126606338 42
1423126667055 41
1423126727850 41
1423126788654 40
1423126849473 44
1423126910184 52
1423126971041 41
1423127031809 44
1423127093064 41
1423127153759 44
1423127214482 50
1423127275223 35
1423127336453 36
1423127397156 36
1423127459645 45
1423127520380 37
1423127581110 43
1423127641827 41
1423127702661 76
1423127763359 40
1423127824048 34
1423127884852 32
1423127945548 35
1423128006304 41
1423128067018 37
1423128127760 40
1423128188972 41
1423128249712 46
1423128310452 38
1423128371152 38
1423128431883 43
1423128492572 42
1423128553294 37
1423128614603 37
1423128675325 43
1423128736047 42
1423128796750 36
1423128858154 47
1423128918878 34
1423128979675 45
1423129040415 42
1423129101156 41
1423129161869 37
1423129222657 53
1423129283575 38
1423129344325 41
1423129405078 33
1423129466758 54
1423129527494 46
1423129588273 39
1423129648969 42
1423129709692 68
1423129770394 39
1423129831110 50
1423129892321 33
1423129953671 36
1423130014401 39
1423130075779 47
1423130136491 33
1423130197229 43
1423130257964 38
1423130318917 44
1423130379615 42
1423130440344 36
1423130501115 39
1423130561841 50
1423130622572 54
1423130683317 40
1423130744021 34
1423130804940 37
1423130865648 32
1423130926890 38
1423130987587 36
1423131048268 40
1423131108993 41
1423131169693 37
1423131230418 36
1423131291152 46
1423131352396 51
1423131413098 40
1423131473844 39
1423131534548 42
1423131595768 36
1423131657042 46
1423131717790 42
1423131778564 47
1423131839272 35
1423131899989 42
1423131960697 39
1423132021375 34
1423132082078 41
1423132142800 44
1423132203530 39
1423132264247 36
1423132324974 42
1423132385680 40
1423132446383 43
1423132507121 37
1423132567851 45
1423132629143 39
1423132689848 40
1423132750556 43
1423132811329 40
1423132872042 45
1423132932788 36
1423132993490 41
1423133054213 32
1423133114923 37
1423133175617 37
1423133236309 35
1423133297048 35
1423133357811 57
1423133418491 33
1423133479267 36
1423133539981 39
1423133601227 48
1423133661929 38
1423133722891 47
1423133783652 55
1423133844365 35
1423133905317 36
1423133966028 42
1423134026766 53
1423134087516 53
1423134148232 63
1423134208951 37
1423134269654 35
1423134330357 34
1423134391069 48
1423134451773 38
1423134512498 73
1423134573276 38
1423134634087 36
1423134694847 42
1423134755585 46
1423134816298 43
1423134876973 34
1423134937682 41
1423134998389 37
1423135059107 37
1423135119793 43
1423135180482 38
1423135241354 60
1423135302087 38
1423135362850 42
1423135423537 35
1423135484257 38
1423135544946 48
1423135606400 40
1423135667097 43
1423135727822 55
1423135788500 39
1423135849220 41
1423135909951 35
1423135971280 43
1423136032060 36
1423136092883 50
1423136153598 51
1423136214873 39
1423136275562 39
1423136336277 35
1423136397049 38
1423136458273 36
1423136519019 37
1423136579758 47
1423136640549 47
1423136701286 51
1423136762045 37
1423136823128 54
1423136883867 35
1423136944594 35
1423137005336 38
1423137066087 43
1423137126771 38
1423137187941 37
1423137248688 38
1423137309509 71
1423137370707 42
1423137431417 48
1423137492134 47
1423137552948 63
1423137613703 43
1423137674507 38
1423137735292 39
1423137796010 40
1423137856740 39
1423137917560 40
1423137978330 34
1423138039066 38
1423138099759 34
1423138160473 43
1423138221208 39
1423138281933 50
1423138342659 44
1423138403406 48
1423138464342 64
1423138525087 44
1423138585818 38
1423138646517 38
1423138707794 46
1423138769515 42
1423138830224 37
1423138891008 40
1423138951764 49
1423139012487 46
1423139073221 35
1423139134452 36
1423139195679 44
1423139256408 39
1423139317634 43
1423139378362 43
1423139439570 37
1423139500304 38
1423139561079 39
1423139621805 37
1423139683100 44
1423139743828 38
1423139804565 44
1423139865259 32
1423139926047 46
1423139987360 38
1423140048061 35
1423140108756 38
1423140169469 39
1423140230196 42
1423140290955 35
1423140351735 45
1423140412503 57
1423140473232 39
1423140533959 34
1423140594659 34
1423140655438 53
1423140716174 41
1423140776955 36
1423140838189 34
1423140898947 39
1423140959644 35
1423141020357 44
1423141081098 37
1423141141876 42
1423141202647 50
1423141263370 37
1423141324158 35
1423141385272 37
1423141446022 47
1423141507311 41
1423141568624 44
1423141629335 36
1423141690080 38
1423141752419 33
1423141813111 38
1423141873862 43
1423141934657 49
1423141995639 46
1423142056356 47
1423142117086 35
1423142178315 34
1423142239020 38
1423142299760 35
1423142360482 35
1423142422267 34
1423142482983 35
1423142543685 38
1423142604461 104
1423142665154 37
1423142725895 40
1423142786641 39
1423142847374 35
1423142908227 40
1423142968941 37
1423143029708 56
1423143090949 35
1423143151653 35
1423143212357 37
1423143273059 37
1423143333761 36
1423143394462 37
1423143455715 42
1423143516411 38
1423143577132 40
1423143638395 39
1423143699123 45
1423143759830 35
1423143820600 74
1423143881399 39
1423143942175 35
1423144003407 38
1423144064119 36
1423144124826 40
1423144185584 50
1423144246316 32
1423144307036 47
1423144367729 43
1423144428428 38
1423144489166 44
1423144549876 38
1423144610635 33
1423144671351 31
1423144732625 45
1423144794207 39
1423144854940 40
1423144916186 41
1423144976871 33
1423145037563 32
1423145098314 42
1423145159000 35
1423145219741 40
1423145280447 37
1423145341169 48
1423145401965 45
1423145462970 49
1423145524213 38
1423145584990 35
1423145645689 33
1423145706400 41
1423145767149 37
1423145827844 41
1423145888540 36
1423145949816 62
1423146010587 38
1423146071301 40
1423146132036 41
1423146192774 38
1423146253519 44
1423146314266 39
1423146375060 53
1423146435792 43
1423146496494 32
1423146557244 38
1423146617948 37
1423146678659 44
1423146739425 35
1423146800185 39
1423146860943 35
1423146921653 43
1423146982347 39
1423147043124 41
1423147103844 43
1423147165027 42
1423147225747 36
1423147286458 52
1423147347716 41
1423147408419 42
1423147469382 42
1423147530092 41
1423147590819 32
1423147652612 44
1423147713351 38
1423147774446 40
1423147835241 45
1423147896006 33
1423147956756 41
1423148017467 37
1423148078180 39
1423148138878 35
1423148199576 36
1423148260284 35
1423148321002 41
1423148381718 37
1423148442420 35
1423148503182 42
1423148564298 40
1423148625040 35
1423148685735 37
1423148747011 39
1423148808236 39
1423148868967 57
1423148929772 66
1423148990732 36
1423149051438 37
1423149112129 35
1423149172883 35
1423149234105 41
1423149294883 40
1423149356123 41
1423149416873 38
1423149477572 41
1423149538344 48
1423149599072 42
1423149659793 39
1423149721598 35
1423149782378 40
1423149843213 34
1423149903924 35
1423149964716 47
1423150025425 40
1423150086658 37
1423150147382 49
1423150208185 35
1423150268893 37
1423150329589 35
1423150390314 41
1423150451030 37
1423150511743 33
1423150572493 41
1423150633175 37
1423150693893 34
1423150754658 34
1423150815369 35
1423150876632 53
1423150937329 35
1423150998046 41
1423151058830 54
1423151120065 37
1423151180776 39
1423151241511 39
1423151302278 56
1423151362989 39
1423151424252 35
1423151484965 49
1423151546228 36
1423151607474 35
1423151668189 38
1423151728982 40
1423151789670 37
1423151850450 49
1423151911694 44
1423151972386 41
1423152033091 38
1423152093827 37
1423152154563 43
1423152215285 37
1423152275997 38
1423152336732 45
1423152397447 36
1423152458157 40
1423152518903 50
1423152579645 39
1423152640425 33
1423152701179 50
1423152761877 39
1423152823225 114
1423152884111 37
1423152944850 48
1423153005584 36
1423153066727 44
1423153128008 40
1423153188701 39
1423153249478 42
1423153310811 46
1423153371591 38
1423153432780 45
1423153493523 55
1423153554319 34
1423153615039 42
1423153676085 34
1423153736795 38
1423153798343 42
1423153859613 61
1423153920402 45
1423153981128 35
1423154041868 44
1423154102664 52
1423154163422 53
1423154224210 38
1423154284951 35
1423154347300 34
1423154408099 106
1423154468855 48
1423154529590 35
1423154590343 41
1423154652090 40
1423154712809 36
1423154773540 41
1423154834257 39
1423154895207 39
1423154955925 47
1423155016617 41
1423155077353 37
1423155138120 39
1423155198819 31
1423155259515 37
1423155320221 41
1423155381020 39
1423155442361 45
1423155503075 37
1423155563809 41
1423155624622 35
1423155685349 41
1423155746605 38
1423155807345 47
1423155868060 33
1423155929880 60
1423155990622 39
1423156051356 35
1423156112060 47
1423156172799 40
1423156233562 34
1423156294274 38
1423156355045 39
1423156415798 55
1423156476487 37
1423156537738 41
1423156598479 43
1423156659203 42
1423156719911 35
1423156780726 39
1423156841513 39
1423156902212 34
1423156962907 31
1423157023696 43
1423157084520 40
1423157145316 38
1423157206124 45
1423157266921 60
1423157327788 38
1423157388476 35
1423157449196 51
1423157510431 38
1423157571690 39
1423157632428 45
1423157693161 32
1423157753951 37
1423157814811 59
1423157875573 38
1423157936280 40
1423157997047 38
1423158057733 39
1423158118429 35
1423158179146 40
1423158239880 40
1423158300627 44
1423158361442 45
1423158422188 39
1423158482980 39
1423158543778 35
1423158605620 39
1423158666324 41
1423158727004 31
1423158787708 41
1423158848424 37
1423158909194 37
1423158969917 39
1423159030636 53
1423159091356 33
1423159152116 34
1423159212836 51
1423159273566 35
1423159334321 38
1423159395295 47
1423159455988 38
1423159516754 36
1423159578058 54
1423159639884 41
1423159701169 47
1423159761902 37
1423159823131 36
1423159883827 36
1423159944569 37
1423160005294 36
1423160066010 42
1423160126777 76
1423160187501 36
1423160248237 40
1423160308932 39
1423160369636 39
1423160430411 43
1423160492163 49
1423160553380 33
1423160614681 42
1423160675397 35
1423160736138 49
1423160796874 35
1423160857560 43
1423160918277 49
1423160979921 54
1423161040663 40
1423161101404 48
1423161162638 42
1423161223401 55
1423161284139 55
1423161344886 38
1423161406202 43
1423161466906 49
1423161527639 35
1423161588359 36
1423161649124 53
1423161710890 36
1423161771603 38
1423161832327 37
1423161893075 48
1423161954319 39
1423162015056 38
1423162076256 33
1423162137006 41
1423162197752 43
1423162258594 43
1423162319359 50
1423162380145 35
1423162440899 40
1423162501696 59
1423162562514 38
1423162623291 39
1423162684049 40
1423162744767 34
1423162805497 31
1423162866236 44
1423162926982 42
1423162987711 39
1423163048443 43
1423163109174 45
1423163169900 40
1423163230660 49
1423163291392 37
1423163352143 46
1423163412877 39
1423163473680 37
1423163534418 48
1423163595118 43
1423163656352 36
1423163717099 36
1423163777837 35
1423163838533 34
1423163899798 44
1423163960547 35
1423164021830 39
1423164082857 37
1423164143605 41
1423164204420 52
1423164265157 36
1423164325876 40
1423164386575 38
1423164447282 45
1423164508578 37
1423164569273 31
1423164629984 32
1423164691201 36
1423164752011 39
1423164812888 49
1423164873587 41
1423164934324 36
1423164995097 39
1423165055790 43
1423165116559 38
1423165177274 40
1423165238039 36
1423165299673 43
1423165360393 32
1423165421229 43
1423165481952 40
1423165543212 34
1423165604287 51
1423165665046 34
1423165725812 43
1423165786538 39
1423165847861 42
1423165909249 49
1423165970090 36
1423166031308 36
1423166092069 41
1423166152792 48
1423166213503 44
1423166274239 47
1423166335033 37
1423166396868 49
1423166457646 53
1423166519427 34
1423166580164 37
1423166641484 35
1423166702273 34
1423166763076 43
1423166823837 56
1423166884634 42
1423166945410 48
1423167006126 36
1423167066847 38
1423167127588 41
1423167188298 36
1423167249010 33
1423167310310 41
1423167371064 66
1423167431779 37
1423167492482 38
1423167553810 44
1423167614524 38
1423167675777 35
1423167736467 41
1423167797205 35
1423167858025 42
1423167918792 51
1423167979498 36
1423168040194 38
1423168100968 38
1423168161761 37
1423168222497 48
1423168283734 37
1423168345519 33
1423168406224 39
1423168466967 38
1423168527687 49
1423168588458 35
1423168649222 37
1423168710509 54
1423168771260 41
1423168831998 40
1423168893230 44
1423168953943 36
1423169014662 40
1423169075409 32
1423169136141 33
1423169197423 35
1423169258159 37
1423169318874 40
1423169379616 38
1423169440422 46
1423169501166 40
1423169561923 36
1423169622626 40
1423169683391 41
1423169744832 116
1423169805700 38
1423169866469 40
1423169927161 37
1423169988403 40
1423170049685 46
1423170110528 43
1423170171271 39
1423170232039 44
1423170292802 44
1423170354059 38
1423170414859 53
1423170475745 43
1423170536516 39
1423170597799 66
1423170658513 34
1423170719290 37
1423170780017 41
1423170840849 41
1423170901568 42
1423170962309 42
1423171023535 39
1423171084323 44
1423171145043 35
1423171205768 37
1423171266495 44
1423171327305 68
1423171388004 37
1423171449033 43
1423171509993 43
1423171570712 49
1423171631484 45
1423171692231 42
1423171753046 57
1423171813837 39
1423171874528 42
1423171935244 48
1423171996100 135
1423172056796 35
1423172117483 35
1423172178506 37
1423172239223 41
1423172299979 40
1423172360707 49
1423172421468 59
1423172482704 39
1423172543456 35
1423172604224 35
1423172664946 41
1423172725700 50
1423172786973 37
1423172847681 37
1423172908923 37
1423172969750 33
1423173030475 39
1423173091706 36
1423173152505 43
1423173213219 36
1423173273934 48
1423173334655 36
1423173396419 36
1423173457664 36
1423173518943 43
1423173579731 47
1423173640452 41
1423173701246 57
1423173761948 33
1423173823074 51
1423173884070 36
1423173945565 62
1423174006347 56
1423174067087 36
1423174127824 35
1423174188532 35
1423174249253 44
1423174309954 39
1423174370755 46
1423174431517 37
1423174492221 45
1423174553202 40
1423174613900 37
1423174675146 33
1423174735874 38
1423174797108 36
1423174858360 36
1423174919074 39
1423174979798 47
1423175040533 47
1423175102395 39
1423175163109 35
1423175223882 51
1423175284588 34
1423175345840 38
1423175406583 44
1423175467312 36
1423175527996 39
1423175588726 41
1423175649465 38
1423175710188 36
1423175770907 35
1423175831644 40
1423175892401 46
1423175953164 44
1423176013882 38
1423176074638 43
1423176135342 45
1423176196438 56
1423176257655 34
1423176318392 51
1423176379141 35
1423176439955 44
1423176501192 44
1423176561915 40
1423176622637 42
1423176683403 43
1423176744107 36
1423176805355 37
1423176866098 35
1423176927430 74
1423176988164 38
1423177049186 50
1423177109911 37
1423177170644 40
1423177231418 40
1423177292179 42
1423177352941 42
1423177414259 50
1423177475015 41
1423177535761 43
1423177597135 68
1423177657903 37
1423177718636 36
1423177779418 48
1423177840160 43
1423177900909 53
1423177962136 46
1423178022893 46
1423178084137 43
1423178145041 42
1423178205758 38
1423178266473 36
1423178327183 38
1423178387894 37
1423178448614 45
1423178509607 43
1423178570347 35
1423178631094 37
1423178692367 53
1423178753122 48
