1422916107055 8
1422916167689 11
1422916228286 8
1422916288906 9
1422916349488 9
1422916410080 9
1422916470784 10
1422916531402 8
1422916592005 11
1422916652617 9
1422916713247 13
1422916773828 9
1422916834406 9
1422916895042 8
1422916955654 10
1422917016340 10
1422917076938 9
1422917137564 9
1422917198181 8
1422917258811 7
1422917319413 13
1422917380139 10
1422917440725 8
1422917501410 12
1422917562017 10
1422917622613 12
1422917683233 8
1422917743848 9
1422917804541 9
1422917865139 11
1422917925765 10
1422917986355 8
1422918046926 7
1422918107506 9
1422918168092 11
1422918228705 14
1422918289343 9
1422918349946 9
1422918410530 12
1422918471125 8
1422918531712 10
1422918592320 8
1422918652931 9
1422918713523 8
1422918774174 9
1422918834769 10
1422918895444 9
1422918956045 8
1422919016650 9
1422919077229 9
1422919137816 9
1422919198406 8
1422919259068 9
1422919319679 8
1422919380294 13
1422919440869 9
1422919501459 8
1422919562098 9
1422919622716 8
1422919683337 8
1422919743973 8
1422919804561 8
1422919865182 9
1422919925776 9
1422919986387 9
1422920047003 8
1422920107621 8
1422920168220 9
1422920228788 8
1422920289397 8
1422920349974 8
1422920410559 8
1422920471188 8
1422920531835 8
1422920592412 7
1422920653013 10
1422920713589 10
1422920774193 8
1422920834770 8
1422920895384 9
1422920955973 8
1422921016604 8
1422921077202 8
1422921137846 11
1422921198451 8
1422921259102 8
1422921319686 9
1422921380298 8
1422921440917 8
1422921501524 11
1422921562148 9
1422921622754 8
1422921683360 11
1422921743998 9
1422921804605 9
1422921865199 9
1422921925783 8
1422921986412 10
1422922047000 8
1422922107613 11
1422922168219 11
1422922228845 10
1422922289444 8
1422922350084 8
1422922410716 9
1422922471341 8
1422922531950 10
1422922592542 9
1422922653125 8
1422922713740 8
1422922774357 8
1422922834960 9
1422922895555 9
1422922956166 12
1422923016762 9
1422923077363 8
1422923137972 8
1422923198573 9
1422923259184 10
1422923319778 10
1422923380407 19
1422923441010 8
1422923501601 8
1422923562199 8
1422923622805 9
1422923683389 8
1422923743977 12
1422923804567 9
1422923865162 8
1422923925755 8
1422923986346 9
1422924047017 9
1422924107658 8
1422924168286 15
1422924228881 9
1422924289489 9
1422924350084 9
1422924410723 8
1422924471333 9
1422924531935 12
1422924592543 8
1422924653154 8
1422924713761 8
1422924774393 8
1422924835014 9
1422924895678 10
1422924956305 9
1422925016912 9
1422925077535 12
1422925138181 9
1422925198767 11
1422925259382 9
1422925320022 9
1422925380667 8
1422925441267 9
1422925501870 8
1422925563072 9
1422925623663 8
1422925684248 9
1422925744848 9
1422925805470 11
1422925866119 9
1422925926790 9
1422925987392 9
1422926047986 8
1422926108600 9
1422926169184 10
1422926229828 9
1422926290406 8
1422926351029 10
1422926411645 16
1422926472249 13
1422926532848 9
1422926593431 9
1422926654020 8
1422926714636 8
1422926775259 8
1422926835825 8
1422926896941 9
1422926957563 9
1422927018167 8
1422927078770 8
1422927139344 9
1422927199949 13
1422927260547 9
1422927321149 8
1422927381728 8
1422927442318 10
1422927502919 8
1422927563558 16
1422927624140 11
1422927684779 8
1422927745360 8
1422927805970 9
1422927866575 8
1422927927176 9
1422927987766 9
1422928048357 9
1422928108952 9
1422928169537 8
1422928230154 9
1422928290774 9
1422928351373 11
1422928412018 9
1422928473116 8
1422928533727 8
1422928594336 9
1422928654960 8
1422928715543 8
1422928776161 9
1422928836748 10
1422928897360 10
1422928957991 10
1422929018659 17
1422929079242 9
1422929139851 9
1422929200454 9
1422929261067 9
1422929321655 9
1422929382262 9
1422929442843 8
1422929503436 9
1422929564053 9
1422929624658 13
1422929685282 15
1422929745901 8
1422929806521 8
1422929867130 8
1422929927791 8
1422929988430 13
1422930049040 9
1422930109645 8
1422930170244 7
1422930230823 8
1422930291439 8
1422930352039 13
1422930412625 11
1422930473219 9
1422930533817 11
1422930594429 9
1422930655014 8
1422930715613 9
1422930776234 9
1422930836897 17
1422930897498 8
1422930958121 8
1422931018719 7
1422931079337 8
1422931139949 8
1422931200576 9
1422931261210 9
1422931321837 9
1422931382443 8
1422931443094 9
1422931503684 8
1422931564288 8
1422931624879 8
1422931685508 9
1422931746104 8
1422931806722 9
1422931867329 10
1422931927925 11
1422931988561 8
1422932049150 9
1422932109740 7
1422932170334 8
1422932230957 9
1422932291569 14
1422932352198 9
1422932412796 13
1422932473384 10
1422932533974 9
1422932594585 9
1422932655193 8
1422932715799 9
1422932776377 9
1422932836975 8
1422932897556 9
1422932958160 8
1422933018786 8
1422933079391 9
1422933140007 9
1422933200605 8
1422933261213 9
1422933321822 9
1422933382462 8
1422933443063 8
1422933503667 8
1422933564274 8
1422933624869 9
1422933685480 9
1422933746132 8
1422933806748 7
1422933867377 15
1422933927966 8
1422933988609 10
1422934049210 9
1422934109817 9
1422934170424 7
1422934231025 9
1422934291607 8
1422934352215 8
1422934412820 9
1422934473428 8
1422934534028 12
1422934594687 12
1422934655300 8
1422934715910 8
1422934776511 8
1422934837091 8
1422934897706 8
1422934958312 8
1422935018927 8
1422935079575 9
1422935140162 10
1422935200776 8
1422935261380 8
1422935321985 8
1422935382587 7
1422935443184 9
1422935503822 9
1422935564441 9
1422935625036 9
1422935685646 8
1422935746259 8
1422935806875 10
1422935867486 8
1422935928620 9
1422935989214 10
1422936050336 9
1422936110946 9
1422936171537 8
1422936232148 9
1422936292745 8
1422936353347 8
1422936413978 8
1422936474598 9
1422936535189 9
1422936595798 8
1422936656398 7
1422936716998 9
1422936777586 9
1422936838207 8
1422936898822 9
1422936959479 8
1422937020096 9
1422937080687 8
1422937141337 10
1422937201939 9
1422937262613 17
1422937323588 9
1422937384196 8
1422937444781 8
1422937505379 8
1422937565988 10
1422937626605 8
1422937687205 9
1422937747817 8
1422937808412 13
1422937869028 8
1422937929632 10
1422937990237 9
1422938050820 8
1422938111422 9
1422938172021 7
1422938232623 9
1422938293204 8
1422938353838 7
1422938414449 9
1422938475061 9
1422938535667 8
1422938596274 10
1422938656864 8
1422938717490 9
1422938778120 8
1422938838710 9
1422938899320 9
1422938959921 10
1422939020547 10
1422939081170 9
1422939141813 20
1422939202435 8
1422939263041 9
1422939323634 9
1422939384238 8
1422939444881 9
1422939505491 9
1422939566131 8
1422939626729 10
1422939687352 9
1422939747960 9
1422939808570 9
1422939869174 9
1422939929794 11
1422939990403 9
1422940051014 11
1422940111605 9
1422940172204 8
1422940232817 9
1422940293444 9
1422940354094 8
1422940414705 9
1422940475331 11
1422940535973 12
1422940596599 8
1422940657193 10
1422940717815 9
1422940778430 9
1422940839032 9
1422940899618 10
1422940960254 11
1422941020877 9
1422941081670 8
1422941142270 9
1422941202880 8
1422941264125 10
1422941324753 9
1422941385371 9
1422941445970 8
1422941506563 9
1422941567160 9
1422941627772 12
1422941688892 7
1422941749488 10
1422941810081 8
1422941870682 18
1422941931259 9
1422941991867 8
1422942053043 9
1422942113654 11
1422942174278 8
1422942234904 8
1422942295516 8
1422942356113 9
1422942416733 8
1422942477346 10
1422942537947 9
1422942598582 8
1422942659280 8
1422942719877 8
1422942780489 13
1422942841122 9
1422942901764 11
1422942962386 10
1422943022992 10
1422943083614 9
1422943144240 9
1422943204888 8
1422943266602 9
1422943327212 9
1422943387933 9
1422943449680 8
1422943510397 9
1422943571061 9
1422943631671 8
1422943692275 8
1422943752871 10
1422943813990 10
1422943874598 7
1422943935184 9
1422943995797 8
1422944056411 8
1422944117066 33
1422944177660 7
1422944238286 8
1422944298900 10
1422944359501 9
1422944420090 8
1422944480767 9
1422944541375 8
1422944602008 14
1422944662635 10
1422944723254 9
1422944783869 8
1422944844492 9
1422944905123 9
1422944965741 8
1422945026380 9
1422945086978 9
1422945147610 16
1422945208248 10
1422945268845 8
1422945329457 9
1422945390079 9
1422945450684 9
1422945511296 8
1422945571909 9
1422945632509 8
1422945693101 9
1422945753690 9
1422945814291 9
1422945874893 17
1422945935489 8
1422945996080 9
1422946056681 8
1422946117284 8
1422946177909 8
1422946238519 9
1422946299123 9
1422946359743 9
1422946420877 8
1422946481474 13
1422946542088 8
1422946602693 9
1422946663302 8
1422946723894 8
1422946784640 8
1422946845241 11
1422946905855 9
1422946966460 8
1422947027070 9
1422947087679 9
1422947148275 8
1422947208911 9
1422947269623 9
1422947330231 9
1422947390841 10
1422947451956 9
1422947512621 12
1422947573275 9
1422947633885 7
1422947694481 9
1422947755092 9
1422947815684 9
1422947876306 13
1422947936964 8
1422947997565 9
1422948058181 8
1422948118835 12
1422948179440 9
1422948240053 8
1422948300659 9
1422948361288 9
1422948421946 11
1422948482549 9
1422948543157 8
1422948603774 15
1422948664373 9
1422948725028 9
1422948785609 7
1422948846207 9
1422948906811 11
1422948967420 9
1422949028062 10
1422949088656 8
1422949149239 9
1422949209868 10
1422949270460 8
1422949331086 8
1422949391664 9
1422949452382 8
1422949512982 10
1422949573615 9
1422949634213 9
1422949694818 8
1422949755416 8
1422949816061 12
1422949876668 9
1422949937272 8
1422949997886 9
1422950058517 8
1422950119153 9
1422950179767 8
1422950240784 8
1422950301378 9
1422950361989 9
1422950423134 8
1422950483729 8
1422950544380 14
1422950604980 8
1422950665616 9
1422950726228 8
1422950786838 9
1422950847465 18
1422950908075 8
1422950968708 12
1422951029334 9
1422951089970 13
1422951150584 9
1422951211174 9
1422951271791 9
1422951332422 9
1422951393057 8
1422951453725 8
1422951514334 9
1422951575024 8
1422951635637 8
1422951696252 8
1422951756891 8
1422951817483 8
1422951878133 9
1422951938746 13
1422951999366 9
1422952060015 10
1422952120629 8
1422952181222 10
1422952241839 8
1422952302433 10
1422952363040 11
1422952423707 9
1422952484322 8
1422952544967 9
1422952605630 9
1422952666278 8
1422952726901 10
1422952787507 8
1422952848144 9
1422952908774 9
1422952969375 8
1422953029993 8
1422953090608 10
1422953151225 9
1422953211827 8
1422953272431 9
1422953333039 8
1422953393632 11
1422953454230 8
1422953515334 9
1422953575981 8
1422953637123 9
1422953697747 8
1422953758414 51
1422953819019 20
1422953879612 9
1422953940217 9
1422954000834 8
1422954061443 10
1422954122101 9
1422954183263 11
1422954243911 8
1422954304556 8
1422954365145 11
1422954425762 9
1422954486366 8
1422954546960 8
1422954607552 8
1422954668156 10
1422954728786 8
1422954789410 9
1422954850005 8
1422954910900 17
1422954971508 7
1422955032103 8
1422955092721 9
1422955153359 8
1422955213986 8
1422955274617 14
1422955335238 8
1422955395850 9
1422955456965 8
1422955517577 8
1422955578174 8
1422955638823 9
1422955699447 7
1422955760051 8
1422955820657 8
1422955881251 8
1422955941895 7
1422956002510 8
1422956063329 9
1422956123952 8
1422956184581 9
1422956245191 9
1422956305801 9
1422956366400 9
1422956426992 8
1422956487586 9
1422956548177 9
1422956608773 9
1422956669375 8
1422956729985 17
1422956790591 9
1422956851209 11
1422956911829 12
1422956972442 9
1422957033057 9
1422957093672 8
1422957154293 9
1422957214911 11
1422957275510 8
1422957336102 9
1422957396726 11
1422957457349 10
1422957518033 14
1422957578665 9
1422957639294 9
1422957699902 9
1422957760515 8
1422957821118 8
1422957881731 8
1422957942330 7
1422958002974 9
1422958063600 9
1422958124197 9
1422958184805 9
1422958245424 19
1422958306023 8
1422958366640 8
1422958427272 8
1422958487869 8
1422958548492 7
1422958609091 10
1422958669736 9
1422958730341 9
1422958790964 13
1422958851572 9
1422958912178 8
1422958972804 9
1422959033455 9
1422959094095 15
1422959154699 9
1422959215337 7
1422959275990 10
1422959337168 8
1422959397805 8
1422959458409 9
1422959519018 12
1422959579654 7
1422959640292 8
1422959700909 9
1422959761542 9
1422959822174 12
1422959882850 8
1422959943475 9
1422960004102 9
1422960064744 9
1422960125351 8
1422960185980 8
1422960246624 8
1422960307228 9
1422960367833 8
1422960428437 8
1422960489018 9
1422960549603 7
1422960610220 8
1422960670824 8
1422960731447 9
1422960792577 8
1422960853184 10
1422960913806 9
1422960974418 8
1422961035038 9
1422961095666 9
1422961156281 8
1422961216916 9
1422961277519 8
1422961338690 11
1422961399322 8
1422961460463 9
1422961521119 9
1422961581744 11
1422961642351 10
1422961702962 8
1422961763571 9
1422961824180 8
1422961884795 7
1422961945433 9
1422962006061 8
1422962066687 8
1422962127809 8
1422962188418 8
1422962249028 9
1422962309652 8
1422962370817 8
1422962431465 16
1422962492139 10
1422962552762 12
1422962613923 9
1422962674516 9
1422962735138 9
1422962795760 8
1422962856400 9
1422962917033 9
1422962977660 10
1422963038275 9
1422963098859 7
1422963159483 17
1422963220089 9
1422963281137 8
1422963341724 8
1422963402326 8
1422963463466 8
1422963524109 9
1422963584717 9
1422963645342 9
1422963705958 8
1422963766548 9
1422963827171 8
1422963887778 8
1422963948403 10
1422964009026 8
1422964069669 9
1422964130288 13
1422964190906 8
1422964251573 32
1422964312180 9
1422964372810 8
1422964433457 12
1422964494044 9
1422964554661 12
1422964615282 11
1422964675901 8
1422964736536 9
1422964797204 8
1422964857854 8
1422964918479 9
1422964979131 9
1422965039756 8
1422965100448 25
1422965161051 8
1422965221658 9
1422965282308 10
1422965342928 8
1422965403550 9
1422965464183 14
1422965524810 10
1422965585423 8
1422965646551 8
1422965707243 8
1422965767886 8
1422965828509 8
1422965889123 10
1422965949744 8
1422966010348 12
1422966070961 8
1422966131581 7
1422966192208 8
1422966252819 11
1422966313530 8
1422966374148 11
1422966434751 8
1422966496449 8
1422966557075 10
1422966617709 12
1422966678838 9
1422966739459 7
1422966800107 8
1422966861260 14
1422966921913 9
1422966982546 10
1422967043463 8
1422967104072 8
1422967164660 9
1422967225297 7
1422967286095 8
1422967346697 8
1422967407310 8
1422967467942 9
1422967528559 9
1422967589175 8
1422967649778 8
1422967710390 8
1422967770985 8
1422967831604 10
1422967892234 9
1422967952989 9
1422968013596 9
1422968074217 8
1422968134824 9
1422968195417 8
1422968256059 8
1422968316737 9
1422968377377 8
1422968438518 11
1422968499140 17
1422968559724 9
1422968620325 8
1422968680980 8
1422968742147 13
1422968802756 9
1422968863373 8
1422968924024 8
1422968984683 9
1422969045302 8
1422969105919 9
1422969166557 10
1422969227161 9
1422969288286 8
1422969348867 9
1422969409530 8
1422969470134 9
1422969531285 9
1422969591880 8
1422969652464 9
1422969713143 9
1422969773792 8
1422969834672 8
1422969895292 8
1422969955906 9
1422970016620 9
1422970077308 9
1422970137924 7
1422970198527 8
1422970259135 8
1422970319769 15
1422970380411 9
1422970441039 8
1422970501699 8
1422970562346 9
1422970622964 8
1422970684757 9
1422970745418 11
1422970806059 12
1422970866671 11
1422970927322 9
1422970987955 8
1422971049108 9
1422971109725 10
1422971170336 8
1422971231009 12
1422971291620 9
1422971352216 8
1422971412848 8
1422971473465 8
1422971534154 9
1422971594764 10
1422971655375 8
1422971716095 9
1422971777231 13
1422971838366 7
1422971899481 9
1422971960099 10
1422972020703 9
1422972081340 7
1422972141985 9
1422972202603 12
1422972263210 8
1422972324386 8
1422972385006 8
1422972445618 13
1422972506248 9
1422972566861 8
1422972627479 9
1422972688090 9
1422972748686 9
1422972809591 7
1422972870206 8
1422972930865 15
1422972991469 9
1422973052109 9
1422973112725 8
1422973173394 8
1422973234023 8
1422973294637 8
1422973355254 9
1422973415892 10
1422973476537 9
1422973537195 8
1422973597846 10
1422973658451 8
1422973719161 11
1422973779763 10
1422973840444 9
1422973901085 10
1422973961730 8
1422974022354 11
1422974082990 9
1422974144155 10
1422974205284 16
1422974265902 11
1422974326506 9
1422974387178 8
1422974447817 12
1422974508429 8
1422974569097 8
1422974629718 9
1422974690313 8
1422974750938 8
1422974811567 8
1422974872196 9
1422974932875 8
1422974993503 9
1422975054093 8
1422975114732 12
1422975175335 8
1422975235964 9
1422975296580 8
1422975357238 11
1422975417851 16
1422975478476 13
1422975539101 9
1422975599736 8
1422975660352 8
1422975720969 11
1422975781579 9
1422975842270 9
1422975903036 9
1422975963674 9
1422976024312 8
1422976084938 7
1422976146067 9
1422976206730 9
1422976267348 8
1422976328023 11
1422976388651 8
1422976449273 8
1422976509879 9
1422976570519 11
1422976631146 9
1422976691784 8
1422976752389 9
1422976813092 8
1422976873692 9
1422976934369 15
1422976994983 9
1422977055606 9
1422977116261 9
1422977177398 7
1422977238039 19
1422977299187 9
1422977359817 9
1422977420455 9
1422977481053 8
1422977541660 13
1422977602260 12
1422977662868 9
1422977723487 9
1422977784127 8
1422977844751 8
1422977905369 8
1422977965998 9
1422978026601 8
1422978087223 18
1422978147850 10
1422978208718 8
1422978269352 8
1422978330041 8
1422978390679 8
1422978451298 8
1422978511986 9
1422978572587 8
1422978633215 9
1422978693842 8
1422978754480 14
1422978815110 9
1422978875730 19
1422978936404 8
1422978997035 12
1422979058219 9
1422979118863 9
1422979179508 8
1422979240127 8
1422979300748 9
1422979361345 8
1422979421955 9
1422979482602 13
1422979543236 8
1422979603895 9
1422979664598 9
1422979725236 8
1422979785866 8
1422979846486 9
1422979907138 9
1422979967771 8
1422980028421 9
1422980089291 8
1422980149936 8
1422980210569 8
1422980271358 9
1422980331986 9
1422980392602 8
1422980453238 8
1422980513861 9
1422980574479 8
1422980635125 8
1422980695768 9
1422980756374 8
1422980816991 8
1422980877600 9
1422980938236 13
1422980998839 9
1422981059470 17
1422981120078 9
1422981180772 8
1422981241418 8
1422981302069 9
1422981362791 10
1422981423453 9
1422981484097 9
1422981544785 8
1422981605400 9
1422981666007 12
1422981726665 9
1422981787813 9
1422981848434 9
1422981909077 10
1422981969779 8
1422982030407 9
1422982091554 9
1422982152189 9
1422982212826 9
1422982273443 8
1422982334123 9
1422982394746 10
1422982455384 14
1422982516546 9
1422982577176 12
1422982637799 10
1422982698422 8
1422982759096 8
1422982819744 8
1422982880362 8
1422982940965 7
1422983001571 8
1422983062705 10
1422983123354 8
1422983184037 9
1422983244678 9
1422983305326 8
1422983365956 8
1422983426563 9
1422983487715 8
1422983548340 9
1422983608965 9
1422983669597 8
1422983730277 8
1422983790892 9
1422983851515 9
1422983912144 9
1422983972814 8
1422984033475 8
1422984094195 8
1422984154823 9
1422984215456 8
1422984276056 8
1422984336713 8
1422984397308 7
1422984457921 9
1422984518555 8
1422984579165 10
1422984639809 8
1422984700441 9
1422984761042 8
1422984821654 9
1422984882300 10
1422984942950 9
1422985003584 8
1422985064208 9
1422985125358 11
1422985185965 8
1422985246570 8
1422985307206 9
1422985367828 9
1422985428459 10
1422985489106 8
1422985549710 8
1422985610328 14
1422985670966 9
1422985731640 8
1422985792254 9
1422985852855 8
1422985913488 8
1422985974139 8
1422986035347 12
1422986095983 8
1422986157110 9
1422986217745 9
1422986278382 9
1422986339031 8
1422986399649 10
1422986460273 9
1422986520901 20
1422986581518 8
1422986642178 20
1422986702855 14
1422986763589 10
1422986824218 9
1422986884834 10
1422986945465 9
1422987006072 9
1422987066705 8
1422987127404 9
1422987188025 9
1422987248686 9
1422987309300 8
1422987369951 8
1422987430629 9
1422987491265 10
1422987551905 8
1422987612529 9
1422987673185 8
1422987733807 11
1422987794429 9
1422987855075 9
1422987915715 9
1422987976341 9
1422988037006 14
1422988097636 10
1422988158283 8
1422988218907 9
1422988279635 9
1422988340257 9
1422988400902 9
1422988461515 8
1422988522116 8
1422988583050 9
1422988643704 9
1422988704329 8
1422988764972 8
1422988825588 9
1422988886227 8
1422988946869 8
1422989007504 9
1422989068159 8
1422989128822 19
1422989189443 8
1422989250098 9
1422989310720 9
1422989371352 8
1422989431982 9
1422989492690 16
1422989553847 9
1422989614483 8
1422989675113 10
1422989735741 8
1422989796375 8
1422989858068 8
1422989918736 15
1422989979356 8
1422990040002 9
1422990100653 8
1422990161783 8
1422990222403 8
1422990283063 9
1422990343714 10
1422990404337 9
1422990465001 10
1422990525637 8
1422990586805 8
1422990647924 8
1422990708567 9
1422990769192 8
1422990829836 8
1422990890480 8
1422990951155 10
1422991011781 9
1422991072394 9
1422991133033 19
1422991193656 9
1422991254275 8
1422991314890 9
1422991375487 8
1422991436101 8
1422991496761 8
1422991557413 8
1422991618042 13
1422991678661 14
1422991739816 9
1422991800890 9
1422991861506 9
1422991922168 10
1422991982826 7
1422992043496 8
1422992104110 8
1422992164764 9
1422992225392 8
1422992286052 12
1422992346669 9
1422992407292 7
1422992467940 8
1422992528583 10
1422992589254 11
1422992649903 8
1422992710521 8
1422992771151 8
1422992831824 9
1422992892441 9
1422992953090 12
1422993013750 9
1422993074787 8
1422993135435 9
1422993196139 12
1422993256777 11
1422993317397 8
1422993378228 8
1422993438865 8
1422993499855 8
1422993560471 11
1422993621107 13
1422993681745 9
1422993742375 8
1422993803041 8
1422993863710 8
1422993924301 8
1422993984908 9
1422994045552 9
1422994106165 9
1422994166767 9
1422994227379 8
1422994288042 14
1422994348638 8
1422994409787 8
1422994470399 8
1422994531316 8
1422994592005 9
1422994652651 8
1422994713252 9
1422994773882 8
1422994834529 12
1422994895159 9
1422994955833 8
1422995016496 9
1422995077101 13
1422995138260 8
1422995198954 9
1422995259579 8
1422995320221 10
1422995380841 9
1422995441452 9
1422995502111 10
1422995562759 8
1422995623429 8
1422995684080 8
1422995745215 8
1422995805847 11
1422995866449 9
1422995927588 8
1422995988220 8
1422996049435 8
1422996110058 9
1422996170722 8
1422996231377 10
1422996292017 9
1422996352704 9
1422996413337 8
1422996473960 8
1422996534579 8
1422996595203 8
1422996655832 9
1422996716506 10
1422996777177 8
1422996837782 15
1422996898412 9
1422996959037 9
1422997019664 9
1422997080334 11
1422997140960 8
1422997201626 10
1422997262276 8
1422997322936 8
1422997383569 9
1422997444195 8
1422997504871 8
1422997565494 9
1422997626658 8
1422997687283 8
1422997747904 11
1422997808668 8
1422997869297 8
1422997930006 8
1422997990682 9
1422998051338 9
1422998111977 8
1422998172754 9
1422998233406 8
1422998294048 9
1422998354700 8
1422998415330 11
1422998475947 10
1422998536591 8
1422998597246 8
1422998657915 10
1422998718525 8
1422998779137 8
1422998839827 9
1422998900492 9
1422998961146 11
1422999021811 9
1422999082432 9
1422999143124 8
1422999203782 8
1422999264415 11
1422999325136 8
1422999385754 9
1422999446382 19
1422999507526 8
1422999568141 8
1422999628819 8
1422999689730 8
1422999750916 16
1422999811545 9
1422999872207 9
1422999932872 9
1422999993703 9
1423000054340 8
1423000114967 9
1423000175610 9
1423000236238 10
1423000296870 8
1423000357524 8
1423000418199 8
1423000478848 9
1423000539501 9
1423000600143 8
1423000660771 8
1423000721408 8
1423000782564 9
1423000843500 19
1423000904140 7
1423000964822 14
1423001025435 9
1423001086105 8
1423001146718 7
1423001207372 9
1423001267977 9
1423001328590 8
1423001389729 8
1423001450367 11
1423001511010 9
1423001571627 9
1423001632229 8
1423001692858 8
1423001753522 11
1423001814166 9
1423001874832 16
1423001935456 9
1423001996155 7
1423002056797 9
1423002117440 11
1423002178122 10
1423002238816 11
1423002299482 8
1423002360181 8
1423002420827 8
1423002481449 9
1423002542156 9
1423002602852 9
1423002663513 8
1423002724257 14
1423002784943 9
1423002845575 8
1423002906204 8
1423002966872 12
1423003027496 8
1423003088151 8
1423003148809 9
1423003209954 9
1423003270576 8
1423003331214 11
1423003391836 9
1423003452469 8
1423003513095 7
1423003573701 9
1423003634320 9
1423003694957 8
1423003755695 12
1423003816707 8
1423003877340 8
1423003937973 10
1423003998604 8
1423004059256 8
1423004119921 8
1423004180538 8
1423004241143 8
1423004301786 11
1423004362953 7
1423004423634 42
1423004484748 7
1423004545355 8
1423004606001 8
1423004666624 8
1423004727257 9
1423004787923 9
1423004848542 11
1423004909169 8
1423004970148 8
1423005030775 8
1423005091397 8
1423005152091 9
1423005212792 8
1423005273527 8
1423005334147 8
1423005394778 9
1423005455417 8
1423005516133 11
1423005576792 10
1423005637418 8
1423005698058 16
1423005758703 9
1423005819337 9
1423005880513 13
1423005941175 8
1423006001806 8
1423006062417 8
1423006123098 9
1423006183722 9
1423006244353 8
1423006304971 9
1423006365605 12
1423006426227 8
1423006486854 8
1423006547476 8
1423006608108 9
1423006668755 9
1423006729381 8
1423006790048 8
1423006850686 9
1423006911738 7
1423006972406 10
1423007033027 9
1423007093637 9
1423007154796 9
1423007215440 11
1423007276077 9
1423007336754 8
1423007397414 8
1423007458051 8
1423007518656 8
1423007579303 8
1423007639942 9
1423007700583 9
1423007761771 8
1423007822485 8
1423007883116 7
1423007943742 8
1423008004381 9
1423008065025 8
1423008126162 9
1423008186818 8
1423008247456 9
1423008308099 10
1423008368724 8
1423008429381 10
1423008490557 10
1423008551285 9
1423008611919 8
1423008672562 8
1423008733243 8
1423008793894 8
1423008854543 8
1423008915189 8
1423008975809 8
1423009036440 9
1423009097104 8
1423009157727 8
1423009218367 8
1423009278995 8
1423009339620 8
1423009400373 8
1423009460988 9
1423009522154 9
1423009582777 8
1423009643378 7
1423009704093 8
1423009764714 9
1423009825374 8
1423009886004 9
1423009946652 8
1423010007272 7
1423010067939 8
1423010128594 8
1423010189259 7
1423010250038 10
1423010310681 13
1423010371321 8
1423010431930 9
1423010492557 8
1423010553250 8
1423010614403 8
1423010675026 8
1423010735688 7
1423010796817 8
1423010857469 9
1423010918119 8
1423010978768 19
1423011039392 8
1423011100019 7
1423011160705 11
1423011221354 9
1423011281968 7
1423011343098 9
1423011403757 8
1423011464433 8
1423011525121 8
1423011585769 9
1423011646440 10
1423011707094 9
1423011767743 8
1423011828390 8
1423011889014 8
1423011949656 9
1423012010312 12
1423012070970 9
1423012132140 9
1423012192861 12
1423012253476 8
1423012314158 8
1423012374883 8
1423012435511 8
1423012496173 10
1423012556825 8
1423012617442 9
1423012678087 9
1423012738712 8
1423012799347 11
1423012860024 8
1423012920658 8
1423012981356 12
1423013041995 9
1423013102681 9
1423013163322 8
1423013223990 8
1423013284626 7
1423013345235 9
1423013405883 8
1423013466642 12
1423013527334 13
1423013587975 8
1423013649148 9
1423013709761 8
1423013770951 9
1423013831595 11
1423013892340 8
1423013953021 8
1423014013662 8
1423014074796 13
1423014135454 11
1423014196076 8
1423014256710 11
1423014317350 8
1423014377969 8
1423014438600 8
1423014499232 9
1423014559905 8
1423014621075 14
1423014681728 11
1423014742390 8
1423014803546 9
1423014864234 8
1423014924875 9
1423014985578 9
1423015046232 9
1423015107441 9
1423015168076 9
1423015228738 8
1423015289422 9
1423015350079 8
1423015411287 10
1423015471937 8
1423015532561 10
1423015593193 9
1423015653810 8
1423015714448 9
1423015775186 10
1423015835809 8
1423015896542 9
1423015957186 8
1423016017847 8
1423016078495 10
1423016141277 9
1423016201913 8
1423016262532 9
1423016323183 8
1423016383853 9
1423016444530 9
1423016505231 8
1423016565850 9
1423016626500 8
1423016687140 8
1423016748297 8
1423016809266 8
1423016869900 7
1423016930553 8
1423016991244 8
1423017051863 8
1423017112485 8
1423017173144 9
1423017233810 10
1423017294450 9
1423017355090 10
1423017415722 9
1423017476362 8
1423017537015 8
1423017598209 13
1423017658854 9
1423017719898 8
1423017780625 11
1423017841362 8
1423017902088 8
1423017962893 55
1423018023976 9
1423018084644 9
1423018145323 10
1423018206040 12
1423018266710 9
1423018327351 8
1423018387984 10
1423018448627 9
1423018509240 8
1423018569888 10
1423018630516 10
1423018691171 9
1423018751864 8
1423018812531 9
1423018873160 8
1423018933829 8
1423018994474 9
1423019055637 8
1423019116280 9
1423019176953 8
1423019238124 8
1423019298783 9
1423019359429 8
1423019420071 9
1423019480685 10
1423019541305 8
1423019601939 9
1423019662593 10
1423019723241 9
1423019783884 8
1423019844577 8
1423019905257 9
1423019965881 8
1423020026525 9
1423020087210 7
1423020147860 8
1423020208552 11
1423020269189 9
1423020329819 8
1423020390435 16
1423020451201 10
1423020511837 9
1423020572465 8
1423020633123 7
1423020693778 9
1423020754923 8
1423020815841 8
1423020876470 9
1423020937116 8
1423020997737 8
1423021058371 8
1423021119517 8
1423021180183 10
1423021240843 9
1423021301484 9
1423021362104 8
1423021422717 10
1423021483412 9
1423021544065 8
1423021604741 11
1423021665435 8
1423021726624 9
1423021787269 11
1423021847898 13
1423021908528 19
1423021969704 8
1423022030439 9
1423022091107 8
1423022151749 9
1423022212414 8
1423022273113 9
1423022334246 9
1423022394856 9
1423022455525 8
1423022516149 8
1423022576805 8
1423022638026 9
1423022698677 9
1423022759324 8
1423022819956 8
1423022880606 8
1423022941247 9
1423023001917 10
1423023062576 8
1423023123776 8
1423023184401 8
1423023245056 12
1423023305689 10
1423023366476 8
1423023427144 12
1423023487802 9
1423023548447 9
1423023609064 9
1423023669722 9
1423023730384 9
1423023791035 15
1423023851677 8
1423023912318 9
1423023972982 9
1423024033596 9
1423024094296 11
1423024154984 9
1423024215640 8
1423024276282 8
1423024336914 8
1423024398060 8
1423024458710 9
1423024519893 8
1423024580617 8
1423024641303 8
1423024701964 8
1423024762598 9
1423024823265 9
1423024883937 8
1423024944684 8
1423025005374 8
1423025066370 8
1423025127088 17
1423025187961 9
1423025248622 11
1423025309310 12
1423025370100 9
1423025430764 9
1423025491444 9
1423025552067 8
1423025612709 13
1423025673356 9
1423025734026 10
1423025794722 10
1423025855357 9
1423025916029 8
1423025976662 8
1423026037326 8
1423026099047 10
1423026159692 8
1423026220341 11
1423026280994 9
1423026341656 8
1423026402318 8
1423026462975 8
1423026523631 7
1423026584360 9
1423026644996 7
1423026705620 8
1423026766251 15
1423026826899 12
1423026887851 9
1423026948573 8
1423027009205 10
1423027069857 9
1423027131051 8
1423027192046 8
1423027252809 9
1423027314036 10
1423027374712 9
1423027435390 12
1423027496058 8
1423027556889 8
1423027617531 8
1423027678195 14
1423027738883 9
1423027799552 8
1423027860229 8
1423027920893 9
1423027981608 11
1423028042351 8
1423028102991 7
1423028163652 9
1423028224313 8
1423028284964 9
1423028345629 9
1423028406252 8
1423028467424 8
1423028528075 9
1423028588716 7
1423028649352 8
1423028710005 8
1423028771198 10
1423028831826 10
1423028892882 15
1423028953553 9
1423029014190 8
1423029074820 8
1423029135449 8
1423029196115 9
1423029256751 8
1423029317385 8
1423029378044 11
1423029438682 12
1423029499367 9
1423029560052 14
1423029620747 8
1423029681473 9
1423029742084 8
1423029802721 9
1423029863349 8
1423029923981 9
1423029984642 9
1423030045317 9
1423030106013 8
1423030167225 8
1423030227991 8
1423030288669 10
1423030349386 9
1423030410563 8
1423030471202 8
1423030531914 9
1423030592596 8
1423030653301 8
1423030713960 8
1423030774625 8
1423030835261 16
1423030895955 8
1423030956592 9
1423031017247 9
1423031078448 10
1423031139094 9
1423031199738 8
1423031260395 9
1423031321020 8
1423031381671 8
1423031442293 8
1423031502936 9
1423031563580 10
1423031624210 9
1423031684936 8
1423031745634 8
1423031806296 13
1423031866959 10
1423031927688 8
1423031988337 8
1423032048986 8
1423032109635 9
1423032170281 8
1423032230982 9
1423032291607 9
1423032352219 9
1423032412880 11
1423032473542 8
1423032534199 8
1423032594838 8
1423032655563 9
1423032717261 8
1423032777891 9
1423032838570 8
1423032899292 9
1423032959966 8
1423033020621 8
1423033081309 8
1423033141988 10
1423033202667 8
1423033263321 9
1423033323998 8
1423033384667 8
1423033445316 8
1423033505966 9
1423033566610 9
1423033627286 8
1423033687927 8
1423033748569 8
1423033809194 8
1423033870480 9
1423033931121 9
1423033991775 8
1423034052415 8
1423034113122 9
1423034173756 8
1423034234391 9
1423034295040 9
1423034355675 9
1423034416366 8
1423034477005 8
1423034537678 8
1423034598305 8
1423034658992 8
1423034719644 8
1423034780304 8
1423034840978 8
1423034901655 8
1423034962311 9
1423035022943 8
1423035083604 8
1423035144240 9
1423035204863 9
1423035265543 8
1423035326166 12
1423035386818 10
1423035447454 9
1423035508103 12
1423035568897 14
1423035629567 8
1423035690218 8
1423035750854 8
1423035811509 8
1423035872145 8
1423035932799 8
1423035993479 8
1423036054127 9
1423036114789 13
1423036175494 9
1423036236176 10
1423036297363 9
1423036358564 8
1423036419224 9
1423036479883 9
1423036540564 9
1423036601242 8
1423036661891 9
1423036722543 12
1423036783185 8
1423036843855 12
1423036904504 8
1423036965262 7
1423037025912 10
1423037087108 8
1423037147781 9
1423037208470 9
1423037269141 8
1423037329777 8
1423037390414 9
1423037451064 9
1423037512259 8
1423037572904 8
1423037633545 8
1423037694196 8
1423037754860 8
1423037815507 8
1423037876148 7
1423037936804 8
1423037997498 9
1423038058121 9
1423038118759 11
1423038179414 9
1423038240048 8
1423038300746 7
1423038361950 8
1423038422738 8
1423038483925 9
1423038544606 8
1423038605254 8
1423038665943 9
1423038726617 8
1423038787264 9
1423038847978 9
1423038908660 9
1423038969306 8
1423039029992 9
1423039090680 18
1423039151324 8
1423039211989 8
1423039272895 8
1423039333549 7
1423039394165 8
1423039454838 11
1423039516012 8
1423039576690 8
1423039637337 8
1423039698002 8
1423039758660 8
1423039819324 8
1423039880019 8
1423039940668 9
1423040001309 7
1423040061987 11
1423040122671 8
1423040183318 8
1423040243975 8
1423040304611 8
1423040365241 9
1423040425911 8
1423040486592 11
1423040547760 8
1423040608416 7
1423040669059 8
1423040729831 10
1423040790482 7
1423040851152 8
1423040912355 8
1423040973007 9
1423041033643 8
1423041094285 10
1423041154935 8
1423041215605 8
1423041276304 8
1423041336942 8
1423041397603 9
1423041458340 10
1423041519522 14
1423041580152 8
1423041640812 9
1423041701463 8
1423041762108 9
1423041822776 8
1423041883943 8
1423041944690 10
1423042005337 11
1423042066023 9
1423042126675 8
1423042187360 8
1423042247986 9
1423042308635 9
1423042369879 9
1423042430690 74
1423042491369 8
1423042552084 9
1423042612813 7
1423042673831 19
1423042734494 8
1423042795728 8
1423042856375 9
1423042917027 8
1423042977973 9
1423043038633 8
1423043099353 14
1423043160002 9
1423043221177 8
1423043282428 8
1423043343149 9
1423043403819 8
1423043464469 9
1423043525161 9
1423043585814 10
1423043646505 8
1423043707181 9
1423043767869 9
1423043828572 9
1423043889788 8
1423043950470 9
1423044011137 7
1423044071793 9
1423044132995 8
1423044193657 7
1423044254284 7
1423044314963 8
1423044375627 8
1423044436260 8
1423044497442 8
1423044558102 8
1423044618762 8
1423044679411 9
1423044740635 8
1423044801287 8
1423044861925 9
1423044922582 9
1423044983277 9
1423045044154 9
1423045104810 8
1423045165445 8
1423045226095 14
1423045286757 10
1423045347931 7
1423045408617 9
1423045469283 16
1423045530440 9
1423045591107 9
1423045651789 12
1423045712427 8
1423045773342 8
1423045834048 9
1423045894717 10
1423045955422 8
1423046016048 8
1423046076729 8
1423046137381 9
1423046198056 16
1423046258733 8
1423046319416 11
1423046380067 8
1423046440745 11
1423046501446 8
1423046562081 9
1423046622731 8
1423046683421 9
1423046744073 8
1423046804975 8
1423046866187 15
1423046926831 8
1423046988615 11
1423047049830 8
1423047110509 8
1423047171152 9
1423047231808 9
1423047292436 8
1423047353099 9
1423047413799 8
1423047474432 8
1423047535228 9
1423047595907 8
1423047656589 8
1423047717240 8
1423047777892 11
1423047838576 8
1423047899261 8
1423047959933 8
1423048020591 8
1423048081330 12
1423048142060 9
1423048202867 9
1423048263550 8
1423048324290 14
1423048385012 9
1423048445691 9
1423048506376 10
1423048567054 9
1423048627727 8
1423048688362 8
1423048749042 9
1423048809703 12
1423048870360 10
1423048930996 9
1423048991667 7
1423049052342 12
1423049112962 8
1423049173632 8
1423049234278 9
1423049294934 14
1423049355636 9
1423049416328 7
1423049476982 7
1423049537620 9
1423049598275 9
1423049658997 8
1423049719669 19
1423049780309 9
1423049840971 13
1423049901623 8
1423049962254 9
1423050023423 8
1423050084124 9
1423050144813 12
1423050205454 9
1423050266104 9
1423050326805 8
1423050387439 8
1423050448621 8
1423050509789 7
1423050570432 8
1423050631055 8
1423050691684 9
1423050752407 9
1423050813107 9
1423050873858 8
1423050934507 9
1423050995152 14
1423051055797 9
1423051116438 8
1423051177088 8
1423051237729 8
1423051298390 9
1423051359089 11
1423051420270 10
1423051480938 8
1423051542128 8
1423051602780 8
1423051663439 15
1423051724141 9
1423051784802 16
1423051845470 9
1423051906118 8
1423051967319 9
1423052027978 9
1423052088649 7
1423052149273 8
1423052210992 10
1423052271648 8
1423052332310 8
1423052393021 8
1423052453679 9
1423052514414 8
1423052575088 9
1423052635746 8
1423052696407 11
1423052757042 8
1423052818208 8
1423052878901 12
1423052939571 7
1423053000314 9
1423053060987 10
1423053121908 8
1423053182643 8
1423053243550 37
1423053304225 9
1423053364894 8
1423053425802 9
1423053486445 11
1423053547100 9
1423053607752 8
1423053668617 9
1423053729295 9
1423053789927 8
1423053850574 9
1423053911738 8
1423053972454 7
1423054033698 8
1423054094350 8
1423054155031 8
1423054215674 9
1423054276334 9
1423054336968 11
1423054397620 9
1423054458313 9
1423054518987 8
1423054579630 8
1423054640270 8
1423054700932 9
1423054761605 8
1423054822291 7
1423054883473 8
1423054944126 9
1423055004766 9
1423055065433 8
1423055126111 8
1423055186787 21
1423055247464 8
1423055309174 9
1423055369868 9
1423055430520 9
1423055491706 7
1423055552435 9
1423055613101 8
1423055673861 8
1423055734555 13
1423055795221 10
1423055855880 7
1423055916538 8
1423055977236 9
1423056037890 9
1423056098545 10
1423056159271 10
1423056219930 10
1423056280580 8
1423056341233 8
1423056401918 9
1423056462596 11
1423056523257 8
1423056583950 8
1423056644608 20
1423056705274 8
1423056765925 9
1423056826572 8
1423056887222 8
1423056947906 8
1423057008596 9
1423057069833 8
1423057130518 8
1423057191209 9
1423057251881 7
1423057312575 9
1423057373258 8
1423057433950 8
1423057494577 8
1423057555644 10
1423057616302 9
1423057676947 9
1423057737630 8
1423057798607 8
1423057859297 8
1423057920470 8
1423057981167 10
1423058041947 12
1423058102648 8
1423058163294 9
1423058223952 9
1423058285137 9
1423058345865 10
1423058406555 7
1423058467220 18
1423058527873 8
1423058588522 9
1423058649165 9
1423058709914 8
1423058770568 8
1423058831208 7
1423058891923 9
1423058952562 9
1423059013332 13
1423059074114 14
1423059134781 8
1423059195426 8
1423059256121 8
1423059317351 9
1423059378542 8
1423059439209 9
1423059500414 9
1423059561100 8
1423059621811 9
1423059682474 9
1423059743214 9
1423059803899 8
1423059864570 7
1423059925246 8
1423059985905 8
1423060046665 8
1423060107431 9
1423060168122 9
1423060228815 9
1423060289537 8
1423060350252 8
1423060410940 9
1423060472161 10
1423060532819 8
1423060593488 8
1423060654191 9
1423060714840 8
1423060775617 9
1423060836795 8
1423060897474 8
1423060958178 8
1423061019379 12
1423061080022 8
1423061140695 7
1423061201418 9
1423061262064 9
1423061322789 7
1423061383479 8
1423061444154 8
1423061504808 8
1423061565448 9
1423061626123 8
1423061686803 9
1423061747476 9
1423061808138 8
1423061868790 9
1423061929451 8
1423061990139 9
1423062050837 9
1423062111521 7
1423062172176 8
1423062232846 12
1423062293532 8
1423062354233 10
1423062414890 11
1423062475551 8
1423062536237 9
1423062596955 8
1423062657618 14
1423062718328 9
1423062779003 8
1423062839664 9
1423062900849 8
1423062961603 8
1423063022320 9
1423063083080 10
1423063143781 8
1423063204426 9
1423063265146 7
1423063325787 10
1423063386483 9
1423063447155 9
1423063507821 8
1423063568513 9
1423063629190 8
1423063689885 9
1423063750560 8
1423063811222 8
1423063872110 8
1423063932808 8
1423063993476 9
1423064054146 8
1423064114847 9
1423064175543 9
1423064236237 8
1423064297006 7
1423064357740 8
1423064418409 8
1423064479071 13
1423064539744 13
1423064600390 8
1423064661069 9
1423064721727 9
1423064782669 10
1423064843356 8
1423064904013 8
1423064964746 9
1423065025414 8
1423065086667 8
1423065147869 8
1423065209064 8
1423065269791 8
1423065330483 9
1423065391181 8
1423065451842 10
1423065512509 8
1423065573181 9
1423065633846 9
1423065695062 8
1423065756257 8
1423065816954 9
1423065877634 8
1423065938659 12
1423065999341 13
1423066060041 10
1423066121219 8
1423066182436 8
1423066243080 8
1423066303720 9
1423066364372 10
1423066425042 8
1423066486266 8
1423066546947 9
1423066607617 9
1423066668312 10
1423066728967 8
1423066789640 8
1423066850298 9
1423066910977 10
1423066971638 8
1423067032318 7
1423067093005 8
1423067153672 8
1423067214340 7
1423067275546 9
1423067336219 9
1423067396861 8
1423067457515 8
1423067518224 10
1423067578906 9
1423067639571 8
1423067700228 9
1423067760904 8
1423067821629 7
1423067882343 8
1423067943265 8
1423068003973 11
1423068065151 8
1423068125842 9
1423068186504 7
1423068247164 9
1423068307820 9
1423068368548 8
1423068429207 7
1423068490446 9
1423068551126 12
1423068611773 9
1423068672424 8
1423068733099 8
1423068793766 9
1423068854425 8
1423068915116 9
1423068975888 8
1423069036560 8
1423069097265 9
1423069157948 7
1423069218881 8
1423069279534 8
1423069340204 8
1423069400858 9
1423069461852 8
1423069522507 9
1423069583167 8
1423069643840 8
1423069705037 8
1423069765712 8
1423069826375 8
1423069887561 11
1423069948779 8
1423070009493 8
1423070070156 9
1423070130824 13
1423070191519 10
1423070252173 9
1423070312824 9
1423070373552 9
1423070434381 8
1423070495196 9
1423070556424 8
1423070617119 8
1423070677819 9
1423070738490 10
1423070799402 8
1423070860081 11
1423070920744 9
1423070981390 9
1423071042202 8
1423071102897 8
1423071163548 8
1423071224741 8
1423071285416 9
1423071346088 10
1423071407064 9
1423071467780 7
1423071528439 8
1423071589105 8
1423071649764 9
1423071710409 8
1423071771524 8
1423071832265 9
1423071892946 9
1423071954342 9
1423072015044 9
1423072075693 8
1423072136399 8
1423072197560 8
1423072258249 9
1423072318990 8
1423072380189 9
1423072440863 8
1423072501558 11
1423072562237 10
1423072622968 9
1423072684191 8
1423072744863 9
1423072805551 8
1423072866233 8
1423072927451 13
1423072988118 8
1423073048828 8
1423073110090 20
1423073171306 9
1423073231971 11
1423073292732 9
1423073353407 11
1423073414097 8
1423073474780 9
1423073535450 8
1423073596140 9
1423073656841 9
1423073717517 8
1423073778556 8
1423073839386 8
1423073900584 9
1423073961266 9
1423074022476 8
1423074083151 8
1423074143855 9
1423074204516 10
1423074265172 8
1423074325870 8
1423074386572 8
1423074447280 18
1423074507955 8
1423074568638 9
1423074629301 8
1423074689962 9
1423074750651 8
1423074811298 8
1423074871949 8
1423074932601 8
1423074993805 8
1423075054462 8
1423075115136 8
1423075175785 8
1423075236455 8
1423075297109 9
1423075357760 8
1423075418587 8
1423075479364 7
1423075540035 8
1423075600731 9
1423075661450 10
1423075722136 8
1423075782796 8
1423075843457 8
1423075904117 8
1423075964784 11
1423076025515 10
1423076086182 13
1423076146929 8
1423076207613 9
1423076268284 8
1423076328967 9
1423076389665 9
1423076450344 9
1423076511029 8
1423076572222 10
1423076632921 9
1423076693601 8
1423076754262 8
1423076814997 11
1423076875694 8
1423076936371 12
1423076997101 11
1423077057796 9
1423077118469 8
1423077179141 10
1423077239805 9
1423077300494 8
1423077361184 9
1423077421894 11
1423077482586 8
1423077543385 8
1423077604098 8
1423077664903 9
1423077725566 8
1423077786228 8
1423077846912 8
1423077911303 11
1423077972029 8
1423078033262 10
1423078093913 8
1423078154577 8
1423078215286 8
1423078276033 8
1423078336694 8
1423078397357 8
1423078458310 8
1423078518976 8
1423078579642 9
1423078640306 8
1423078701497 8
1423078762183 13
1423078822896 8
1423078883568 8
1423078944242 10
1423079005049 9
1423079065791 9
1423079126428 8
1423079187623 8
1423079248501 9
1423079309262 8
1423079369944 10
1423079430629 8
1423079491316 10
1423079551983 13
1423079612775 8
1423079673484 8
1423079734137 8
1423079794786 7
1423079855442 9
1423079916144 7
1423079976798 8
1423080038010 9
1423080098704 8
1423080159364 8
1423080220042 12
1423080280709 9
1423080341388 9
1423080402080 9
1423080462771 11
1423080523438 8
1423080584117 9
1423080645321 8
1423080705971 7
1423080766624 8
1423080827311 8
1423080887976 8
1423080949016 8
1423081009724 9
1423081070401 11
1423081131086 10
1423081192302 8
1423081252993 8
1423081313696 8
1423081374395 9
1423081435065 8
1423081495743 9
1423081556424 8
1423081617118 8
1423081677809 8
1423081739063 8
1423081799756 8
1423081860429 16
1423081921133 9
1423081981874 14
1423082042622 8
1423082103350 9
1423082164048 13
1423082224738 8
1423082285412 12
1423082346069 8
1423082406746 8
1423082467421 9
1423082528119 13
1423082588776 8
1423082649458 8
1423082710156 9
1423082770823 10
1423082831496 9
1423082892160 10
1423082952825 8
1423083013497 9
1423083074150 8
1423083134827 8
1423083195541 8
1423083256259 7
1423083317000 9
1423083378183 9
1423083438849 8
1423083499586 9
1423083560266 9
1423083620932 8
1423083681590 9
1423083742286 8
1423083803001 8
1423083863760 8
1423083924467 11
1423083986237 8
1423084046920 10
1423084107654 9
1423084168356 9
1423084229642 8
1423084291463 8
1423084352122 11
1423084412856 9
1423084473550 8
1423084534213 7
1423084594866 8
1423084655534 8
1423084716243 9
1423084776908 8
1423084837642 8
1423084898306 8
1423084958982 8
1423085019680 12
1423085080382 9
1423085141560 9
1423085202227 9
1423085262889 8
1423085323561 8
1423085384274 8
1423085444979 8
1423085506217 9
1423085566906 8
1423085627868 8
1423085689044 8
1423085749711 8
1423085810388 9
1423085871038 9
1423085932235 9
1423085992932 8
1423086053598 10
1423086114299 8
1423086174963 8
1423086235626 14
1423086296815 12
1423086357513 8
1423086418779 8
1423086479437 8
1423086540132 9
1423086600841 9
1423086661545 9
1423086722588 13
1423086783345 11
1423086844020 9
1423086904709 8
1423086965396 8
1423087026105 8
1423087086755 8
1423087147431 8
1423087208150 9
1423087268868 8
1423087330047 9
1423087390713 8
1423087451393 9
1423087512146 11
1423087572832 13
1423087633509 8
1423087694262 9
1423087755289 8
1423087815985 9
1423087876666 11
1423087937353 10
1423087998601 10
1423088059269 10
1423088120523 9
1423088181200 9
1423088241881 9
1423088302561 8
1423088363290 9
1423088424494 8
1423088485208 8
1423088545896 8
1423088607084 10
1423088668288 9
1423088728969 9
1423088789724 9
1423088850398 8
1423088911076 9
1423088971770 8
1423089032427 9
1423089093083 12
1423089153844 9
1423089214522 8
1423089275219 9
1423089336431 9
1423089397117 9
1423089457764 8
1423089518450 9
1423089579181 9
1423089639877 16
1423089700552 9
1423089761756 8
1423089822532 10
1423089883232 9
1423089943917 8
1423090004680 7
1423090065328 8
1423090125967 8
1423090186633 8
1423090247298 9
1423090308014 9
1423090368687 7
1423090429347 8
1423090490562 14
1423090551358 9
1423090612056 8
1423090672724 8
1423090733417 8
1423090794089 8
1423090855301 9
1423090915992 8
1423090976735 8
1423091037436 8
1423091098108 7
1423091158799 8
1423091219496 9
1423091280707 9
1423091341548 8
1423091402255 11
1423091463034 10
1423091523715 10
1423091584397 9
1423091645096 8
1423091705774 8
1423091766429 7
1423091827332 8
1423091888003 9
1423091948677 8
1423092009400 9
1423092070084 7
1423092130838 12
1423092191574 8
1423092252830 13
1423092313497 9
1423092374211 8
1423092434876 9
1423092495589 8
1423092556254 9
1423092616953 8
1423092677637 8
1423092738364 10
1423092799244 9
1423092859914 8
1423092920596 8
1423092981269 8
1423093042508 10
1423093103247 9
1423093164444 8
1423093225630 8
1423093286846 9
1423093347498 7
1423093408307 8
1423093469006 9
1423093529718 9
1423093590400 8
1423093651101 10
1423093711770 8
1423093772471 12
1423093833155 9
1423093893921 8
1423093954601 9
1423094015266 9
1423094075927 8
1423094136633 8
1423094197297 9
1423094257966 9
1423094318621 8
1423094379277 8
1423094439956 9
1423094500667 9
1423094561341 14
1423094622068 8
1423094682776 8
1423094744001 8
1423094805459 9
1423094866142 10
1423094926812 8
1423094987488 8
1423095048196 8
1423095108948 9
1423095169648 8
1423095230306 9
1423095291010 8
1423095351713 8
1423095412434 13
1423095473161 8
1423095533826 8
1423095594512 8
1423095655216 9
1423095715944 10
1423095777171 8
1423095837850 11
1423095898592 8
1423095959309 9
1423096020017 9
1423096080689 13
1423096141418 10
1423096202126 9
1423096263356 8
1423096324109 9
1423096385312 9
1423096446552 12
1423096507234 9
1423096567993 9
1423096628745 10
1423096689476 8
1423096750183 8
1423096811001 7
1423096871717 12
1423096932425 9
1423096993141 9
1423097053855 9
1423097114521 8
1423097175224 8
1423097235916 8
1423097296640 7
1423097357341 8
1423097418025 7
1423097478727 8
1423097539415 10
1423097600097 8
1423097660859 8
1423097721551 9
1423097782791 8
1423097843997 9
1423097904731 9
1423097965434 11
1423098026667 8
1423098087923 7
1423098148599 9
1423098209358 8
1423098270470 10
1423098331175 8
1423098391916 11
1423098452582 9
1423098513264 8
1423098573988 8
1423098634672 23
1423098695341 8
1423098756031 12
1423098816713 9
1423098877408 9
1423098938066 9
1423098998784 19
1423099059449 10
1423099120139 9
1423099181382 9
1423099242102 9
1423099302781 8
1423099363562 8
1423099424348 9
1423099485035 8
1423099545749 9
1423099606442 8
1423099667117 8
1423099727834 9
1423099788510 8
1423099849238 8
1423099909965 14
1423099970688 8
1423100031917 9
1423100092601 8
1423100153315 9
1423100214023 10
1423100274707 10
1423100335895 9
1423100397689 10
1423100458950 18
1423100519652 10
1423100580328 8
1423100641051 14
1423100701751 9
1423100762526 8
1423100823201 9
1423100884444 8
1423100945111 8
1423101005794 9
1423101066491 9
1423101127176 9
1423101187968 9
1423101248691 8
1423101309443 8
1423101370209 9
1423101431001 9
1423101491708 10
1423101552407 9
1423101613091 12
1423101673760 8
1423101734473 8
1423101795224 9
1423101855906 20
1423101917122 8
1423101977851 10
1423102038577 9
1423102099290 8
1423102159988 9
1423102220726 8
1423102281973 9
1423102342666 11
1423102403722 8
1423102464383 8
1423102525095 9
1423102585794 8
1423102646470 9
1423102707181 8
1423102767857 8
1423102828531 8
1423102889212 11
1423102949892 8
1423103010556 8
1423103071291 8
1423103132008 8
1423103192707 9
1423103253427 8
1423103314090 8
1423103374751 7
1423103435482 9
1423103496708 14
1423103557397 9
1423103618660 8
1423103679377 9
1423103740076 8
1423103800777 8
1423103861465 9
1423103922136 9
1423103982869 8
1423104044064 10
1423104104775 8
1423104165857 8
1423104226571 9
1423104287258 8
1423104347954 11
1423104408677 9
1423104469362 8
1423104530059 8
1423104591263 8
1423104651951 8
1423104712673 8
1423104773796 10
1423104834479 12
1423104895254 10
1423104955934 9
1423105016636 9
1423105077867 11
1423105138534 8
1423105200258 8
1423105260934 9
1423105321659 9
1423105382430 7
1423105443767 8
1423105504473 9
1423105565143 10
1423105625884 9
1423105686656 8
1423105747353 8
1423105808057 8
1423105868766 9
1423105929478 9
1423105990172 11
1423106051410 9
1423106112079 10
1423106172748 8
1423106233453 9
1423106294154 8
1423106354855 8
1423106415552 9
1423106476260 8
1423106536953 8
1423106597652 8
1423106658343 9
1423106719069 9
1423106779780 8
1423106840448 9
1423106901144 8
1423106961858 8
1423107022562 9
1423107083290 15
1423107143975 8
1423107204642 8
1423107265322 8
1423107326067 9
1423107386788 8
1423107448256 8
1423107509087 10
1423107569774 9
1423107630461 8
1423107692184 8
1423107752861 8
1423107813542 8
1423107874743 9
1423107935434 8
1423107996357 8
1423108057031 8
1423108117765 8
1423108178465 8
1423108239179 8
1423108300394 10
1423108361063 8
1423108421745 9
1423108482482 8
1423108543196 9
1423108603893 9
1423108665104 7
1423108725788 8
1423108787049 10
1423108848255 11
1423108909001 8
1423108969715 8
1423109030441 9
1423109091128 16
1423109151878 8
1423109213635 7
1423109274318 8
1423109334988 8
1423109395698 8
1423109456915 8
1423109517620 15
1423109578317 9
1423109639078 8
1423109699779 16
1423109760977 8
1423109821702 8
1423109882421 9
1423109943626 8
1423110004316 9
1423110065260 14
1423110126573 8
1423110187327 8
1423110248119 9
1423110308829 8
1423110369722 8
1423110430443 9
1423110491160 9
1423110551882 9
1423110612635 8
1423110673325 10
1423110734016 9
1423110794715 8
1423110855389 8
1423110916088 9
1423110976837 9
1423111037531 8
1423111098239 12
1423111158927 9
1423111219616 9
1423111280306 9
1423111341000 8
1423111401692 8
1423111462484 9
1423111523742 10
1423111584450 8
1423111645131 9
1423111705859 10
1423111766572 12
1423111827260 10
1423111887964 9
1423111948640 8
1423112009841 8
1423112070569 9
1423112131253 9
1423112192474 8
1423112253196 8
1423112313945 14
1423112374619 9
1423112435332 8
1423112496013 9
1423112556726 9
1423112617427 9
1423112678255 10
1423112738974 8
1423112799726 8
1423112860440 13
1423112921146 8
1423112981941 9
1423113042618 8
1423113103302 8
1423113164009 11
1423113224708 8
1423113285392 9
1423113346619 8
1423113407335 8
1423113468032 8
1423113528766 8
1423113589494 9
1423113650224 12
1423113710996 8
1423113772221 11
1423113832956 8
1423113893653 8
1423113954436 11
1423114015142 11
1423114075881 10
1423114136561 10
1423114197261 8
1423114257989 8
1423114318673 8
1423114379410 8
1423114440122 8
1423114500814 8
1423114561507 9
1423114622264 8
1423114683092 10
1423114743953 9
1423114805287 9
1423114865964 8
1423114927013 8
1423114987863 9
1423115048658 8
1423115109410 9
1423115170129 9
1423115230795 8
1423115292008 9
1423115352690 8
1423115413395 8
1423115475181 9
1423115535847 8
1423115596536 8
1423115657740 8
1423115718445 9
1423115779155 9
1423115839910 8
1423115900629 9
1423115961306 8
1423116023078 9
1423116083760 8
1423116144437 12
1423116205148 9
1423116265826 9
1423116326499 8
1423116387182 9
1423116447899 8
1423116508570 8
1423116569261 8
1423116630485 8
1423116691193 14
1423116752397 8
1423116813083 8
1423116873800 9
1423116934507 10
1423116996269 19
1423117056921 7
1423117117604 7
1423117178301 9
1423117238997 8
1423117299863 8
1423117360561 10
1423117421245 8
1423117481922 9
1423117542582 8
1423117603348 11
1423117664598 8
1423117725433 10
1423117786104 10
1423117846786 10
1423117907500 9
1423117968293 8
1423118029003 10
1423118090099 8
1423118150979 9
1423118212148 8
1423118273398 9
1423118334108 8
1423118394799 8
1423118455505 8
1423118516224 8
1423118576992 10
1423118637701 8
1423118698436 8
1423118759157 9
1423118819891 8
1423118880641 8
1423118941334 9
1423119002076 12
1423119062783 8
1423119123524 8
1423119184268 8
1423119245103 8
1423119306394 8
1423119367080 9
1423119427779 8
1423119489048 8
1423119550357 8
1423119611108 8
1423119671832 8
1423119733074 8
1423119793795 9
1423119854490 8
1423119915192 8
1423119976013 11
1423120036722 10
1423120097942 7
1423120158684 10
1423120219383 9
1423120280086 7
1423120340801 11
1423120401510 24
1423120462234 9
1423120522914 10
1423120583616 8
1423120644832 8
1423120705524 8
1423120766237 14
1423120826968 8
1423120888231 9
1423120948937 8
1423121009603 8
1423121070290 8
1423121130960 9
1423121191675 8
1423121252437 10
1423121313137 11
1423121374384 8
1423121435117 9
1423121495836 11
1423121556501 8
1423121617182 8
1423121677883 10
1423121738598 8
1423121799302 8
1423121860677 7
1423121921871 8
1423121982580 9
1423122043279 8
1423122104068 8
1423122164863 8
1423122226694 8
1423122287415 9
1423122348714 9
1423122409414 9
1423122470694 8
1423122531378 8
1423122592113 8
1423122653308 8
1423122713997 8
1423122774693 11
1423122835388 8
1423122896079 7
1423122956779 8
1423123017544 10
1423123078320 8
1423123139377 9
1423123200083 8
1423123260998 9
1423123321751 9
1423123382504 9
1423123443252 8
1423123503944 9
1423123564700 10
1423123625416 11
1423123686135 9
1423123746815 8
1423123807513 9
1423123868209 8
1423123929938 10
1423123991139 8
1423124051894 16
1423124112600 8
1423124173266 8
1423124233980 9
1423124294683 8
1423124355353 8
1423124416062 8
1423124476775 9
1423124537467 9
1423124598176 8
1423124658889 8
1423124720101 8
1423124780858 8
1423124842138 9
1423124903368 7
1423124964158 9
1423125024930 10
1423125085599 8
1423125146297 8
1423125207065 14
1423125267775 8
1423125328452 8
1423125389682 9
1423125450923 8
1423125511664 8
1423125572405 9
1423125633175 9
1423125693869 10
1423125754593 8
1423125815290 8
1423125875987 8
1423125936669 9
1423125997383 13
1423126058665 8
1423126119384 15
1423126180604 7
1423126241308 10
1423126301984 8
1423126363195 8
1423126423883 8
1423126484561 8
1423126545263 8
1423126606135 9
1423126666856 9
1423126727650 8
1423126788458 12
1423126849256 8
1423126909975 8
1423126970848 7
1423127031604 12
1423127092864 12
1423127153558 9
1423127214272 8
1423127275038 8
1423127336261 9
1423127396962 12
1423127459438 9
1423127520193 8
1423127580911 9
1423127641631 8
1423127702434 13
1423127763166 15
1423127823856 8
1423127884667 9
1423127945357 9
1423128006110 8
1423128066830 8
1423128127563 8
1423128188775 8
1423128249506 11
1423128310251 8
1423128370957 8
1423128431683 8
1423128492374 9
1423128553095 9
1423128614403 10
1423128675108 8
1423128735841 9
1423128796546 8
1423128857942 8
1423128918684 10
1423128979470 9
1423129040212 9
1423129100959 10
1423129161664 8
1423129222435 9
1423129283369 8
1423129344129 9
1423129404878 8
1423129466542 8
1423129527294 8
1423129588082 8
1423129648778 8
1423129709466 9
1423129770199 8
1423129830905 8
1423129892134 9
1423129953476 8
1423130014182 9
1423130075580 9
1423130136298 10
1423130197032 9
1423130257769 8
1423130318716 8
1423130379415 8
1423130440155 9
1423130500899 7
1423130561634 8
1423130622350 10
1423130683108 8
1423130743836 9
1423130804749 30
1423130865460 8
1423130926690 9
1423130987398 8
1423131048078 9
1423131108797 8
1423131169502 9
1423131230227 10
1423131290946 9
1423131352191 10
1423131412901 9
1423131473651 9
1423131534349 9
1423131595580 8
1423131656832 11
1423131717586 8
1423131778361 9
1423131839082 8
1423131899798 9
1423131960503 13
1423132021186 7
1423132081875 8
1423132142600 9
1423132203334 12
1423132264056 8
1423132324779 9
1423132385486 8
1423132446178 8
1423132506930 11
1423132567646 9
1423132628951 9
1423132689644 8
1423132750350 10
1423132811132 8
1423132871834 8
1423132932600 8
1423132993297 8
1423133054023 8
1423133114723 8
1423133175422 7
1423133236109 9
1423133296854 9
1423133357579 9
1423133418305 9
1423133479075 9
1423133539786 8
1423133601021 9
1423133661738 8
1423133722692 9
1423133783428 8
1423133844173 11
1423133905110 11
1423133965826 8
1423134026551 9
1423134087300 9
1423134148012 9
1423134208760 8
1423134269462 8
1423134330150 9
1423134390867 9
1423134451574 8
1423134512264 9
1423134573073 14
1423134633890 8
1423134694640 9
1423134755379 8
1423134816101 9
1423134876783 8
1423134937470 9
1423134998195 8
1423135058907 8
1423135119595 8
1423135180289 9
1423135241131 9
1423135301875 8
1423135362649 9
1423135423348 9
1423135484066 9
1423135544739 9
1423135606200 10
1423135666901 9
1423135727613 8
1423135788302 8
1423135849031 8
1423135909755 8
1423135971045 19
1423136031869 8
1423136092667 8
1423136153394 8
1423136214676 8
1423136275367 10
1423136336079 8
1423136396834 9
1423136458078 8
1423136518831 8
1423136579548 9
1423136640340 8
1423136701072 9
1423136761846 7
1423136822890 9
1423136883680 9
1423136944407 9
1423137005133 10
1423137065885 8
1423137126578 8
1423137187748 9
1423137248464 9
1423137309267 16
1423137370511 9
1423137431212 8
1423137491933 8
1423137552729 9
1423137613505 9
1423137674302 10
1423137735087 10
1423137795807 12
1423137856536 8
1423137917358 8
1423137978107 8
1423138038864 9
1423138099569 13
1423138160265 8
1423138221004 9
1423138281723 9
1423138342459 9
1423138403195 10
1423138464123 9
1423138524887 11
1423138585619 8
1423138646323 8
1423138707591 8
1423138769312 10
1423138830033 8
1423138890810 9
1423138951550 8
1423139012279 8
1423139073037 8
1423139134261 8
1423139195480 9
1423139256211 9
1423139317436 9
1423139378156 7
1423139439380 8
1423139500099 12
1423139560877 9
1423139621616 9
1423139682889 8
1423139743636 8
1423139804360 9
1423139865057 9
1423139925841 9
1423139987167 9
1423140047870 8
1423140108558 8
1423140169274 9
1423140229996 9
1423140290757 9
1423140351526 9
1423140412283 8
1423140473040 8
1423140533772 8
1423140594470 9
1423140655224 14
1423140715974 9
1423140776756 9
1423140837998 7
1423140898742 8
1423140959454 9
1423141020157 8
1423141080905 9
1423141141674 12
1423141202419 9
1423141263172 22
1423141323967 19
1423141385077 9
1423141445808 11
1423141507117 8
1423141568410 7
1423141629138 9
1423141689889 9
1423141752233 9
1423141812916 8
1423141873645 8
1423141934432 8
1423141995437 9
1423142056153 9
1423142116888 11
1423142178129 9
1423142238824 8
1423142299562 7
1423142360294 9
1423142422081 8
1423142482775 8
1423142543490 8
1423142604200 10
1423142664959 8
1423142725689 14
1423142786448 10
1423142847185 8
1423142908031 11
1423142968740 9
1423143029495 8
1423143090760 9
1423143151463 8
1423143212160 9
1423143272858 8
1423143333573 8
1423143394270 8
1423143455521 8
1423143516220 12
1423143576919 8
1423143638203 9
1423143698926 8
1423143759640 8
1423143820367 9
1423143881193 9
1423143941988 8
1423144003215 11
1423144063929 9
1423144124631 7
1423144185371 9
1423144246127 8
1423144306827 8
1423144367531 8
1423144428239 9
1423144488937 9
1423144549676 9
1423144610444 8
1423144671168 9
1423144732419 9
1423144794017 9
1423144854740 9
1423144915994 8
1423144976684 10
1423145037382 9
1423145098105 9
1423145158808 8
1423145219550 9
1423145280256 9
1423145340959 9
1423145401744 36
1423145462759 9
1423145524012 10
1423145584803 9
1423145645492 8
1423145706202 7
1423145766955 8
1423145827642 8
1423145888347 8
1423145949573 9
1423146010379 11
1423146071104 9
1423146131829 17
1423146192578 9
1423146253316 9
1423146314069 8
1423146374845 8
1423146435581 9
1423146496308 9
1423146557037 13
1423146617760 8
1423146678460 8
1423146739224 7
1423146799985 8
1423146860742 13
1423146921447 9
1423146982155 9
1423147042919 9
1423147103648 10
1423147164828 8
1423147225555 8
1423147286244 8
1423147347511 8
1423147408224 8
1423147469183 14
1423147529892 8
1423147590628 10
1423147652412 9
1423147713161 9
1423147774252 9
1423147835042 9
1423147895797 8
1423147956537 10
1423148017267 8
1423148077976 9
1423148138685 9
1423148199384 8
1423148260089 8
1423148320800 8
1423148381513 12
1423148442226 8
1423148502968 9
1423148564098 9
1423148624848 9
1423148685542 9
1423148746817 10
1423148808036 8
1423148868751 8
1423148929545 9
1423148990544 8
1423149051236 8
1423149111943 9
1423149172688 9
1423149233910 10
1423149294687 8
1423149355918 7
1423149416669 8
1423149477378 20
1423149538145 11
1423149598858 9
1423149659587 9
1423149721409 10
1423149782142 9
1423149843024 12
1423149903740 8
1423149964508 8
1423150025224 8
1423150086469 8
1423150147175 9
1423150207998 13
1423150268699 9
1423150329402 10
1423150390115 7
1423150450836 8
1423150511553 8
1423150572295 9
1423150632983 10
1423150693704 8
1423150754468 8
1423150815171 9
1423150876421 9
1423150937138 9
1423150997845 9
1423151058616 8
1423151119871 8
1423151180566 9
1423151241314 8
1423151302047 11
1423151362795 9
1423151424060 9
1423151484761 8
1423151546025 12
1423151607285 9
1423151667992 8
1423151728781 10
1423151789477 8
1423151850242 8
1423151911497 8
1423151972189 9
1423152032900 9
1423152093632 8
1423152154363 9
1423152215094 9
1423152275800 7
1423152336520 8
1423152397259 8
1423152457956 8
1423152518690 9
1423152579450 9
1423152640238 9
1423152700965 8
1423152761676 8
1423152822924 9
1423152883917 8
1423152944646 9
1423153005378 9
1423153066529 15
1423153127807 8
1423153188506 8
1423153249250 8
1423153310598 7
1423153371396 8
1423153432586 9
1423153493312 8
1423153554133 12
1423153614841 8
1423153675900 7
1423153736594 9
1423153798145 9
1423153859397 8
1423153920198 10
1423153980935 8
1423154041660 8
1423154102455 12
1423154163206 7
1423154224009 12
1423154284762 8
1423154347114 8
1423154407838 7
1423154468651 11
1423154529393 9
1423154590146 8
1423154651893 9
1423154712625 10
1423154773341 10
1423154834058 8
1423154895013 8
1423154955721 10
1423155016424 8
1423155077157 8
1423155137916 7
1423155198629 8
1423155259322 8
1423155320025 8
1423155380826 9
1423155442152 9
1423155502881 8
1423155563599 8
1423155624429 8
1423155685146 10
1423155746408 8
1423155807122 8
1423155867868 9
1423155929652 9
1423155990429 9
1423156051169 8
1423156111855 9
1423156172598 9
1423156233373 9
1423156294078 8
1423156354846 48
1423156415581 8
1423156476297 8
1423156537527 9
1423156598278 11
1423156659000 8
1423156719721 18
1423156780522 8
1423156841318 9
1423156902018 8
1423156962726 9
1423157023492 9
1423157084290 10
1423157145110 12
1423157205914 11
1423157266690 9
1423157327563 11
1423157388281 7
1423157448994 8
1423157510235 9
1423157571488 8
1423157632225 8
1423157692973 9
1423157753762 11
1423157814594 19
1423157875379 8
1423157936085 8
1423157996851 9
1423158057542 9
1423158118239 8
1423158178945 9
1423158239688 8
1423158300427 8
1423158361226 9
1423158421981 8
1423158482785 8
1423158543582 9
1423158605422 8
1423158666131 9
1423158726822 9
1423158787506 8
1423158848222 8
1423158908998 8
1423158969719 11
1423159030422 10
1423159091170 8
1423159151930 9
1423159212630 9
1423159273376 8
1423159334129 9
1423159395078 9
1423159455792 9
1423159516554 10
1423159577847 8
1423159639674 8
1423159700965 11
1423159761707 10
1423159822940 9
1423159883635 8
1423159944370 8
1423160005103 8
1423160065807 10
1423160126527 8
1423160187292 9
1423160248040 8
1423160308737 8
1423160369442 8
1423160430199 8
1423160491965 14
1423160553194 8
1423160614485 10
1423160675194 9
1423160735932 12
1423160796677 9
1423160857365 9
1423160918074 8
1423160979702 9
1423161040453 8
1423161101189 9
1423161162437 9
1423161223179 8
1423161283932 9
1423161344688 8
1423161405991 8
1423161466700 8
1423161527448 8
1423161588164 9
1423161648904 9
1423161710696 8
1423161771408 7
1423161832134 11
1423161892854 12
1423161954125 9
1423162014857 8
1423162076069 8
1423162136815 8
1423162197544 9
1423162258390 9
1423162319136 10
1423162379946 10
1423162440684 9
1423162501459 7
1423162562305 10
1423162623096 9
1423162683833 8
1423162744564 8
1423162805307 9
1423162866034 9
1423162926770 8
1423162987516 8
1423163048242 8
1423163108974 9
1423163169700 16
1423163230446 9
1423163291199 9
1423163351936 8
1423163412682 7
1423163473477 12
1423163534209 14
1423163594918 9
1423163656159 8
1423163716907 8
1423163777640 8
1423163838338 8
1423163899595 9
1423163960361 9
1423164021633 9
1423164082568 8
1423164143413 7
1423164204196 9
1423164264966 8
1423164325682 9
1423164386384 7
1423164447081 9
1423164508384 13
1423164569091 9
1423164629797 9
1423164691013 9
1423164751812 11
1423164812677 9
1423164873394 7
1423164934136 8
1423164994891 11
1423165055590 7
1423165116368 13
1423165177084 8
1423165237840 8
1423165299443 11
1423165360208 8
1423165421032 9
1423165481758 8
1423165543017 8
1423165604081 10
1423165664854 8
1423165725584 16
1423165786342 7
1423165847660 37
1423165909045 8
1423165969904 8
1423166031115 9
1423166091861 9
1423166152589 8
1423166213306 12
1423166274026 8
1423166334838 8
1423166396660 7
1423166457406 9
1423166519238 8
1423166579968 8
1423166641293 8
1423166702079 7
1423166762869 8
1423166823627 9
1423166884435 9
1423166945196 9
1423167005935 8
1423167066646 20
1423167127395 8
1423167188108 8
1423167248820 9
1423167310112 9
1423167370838 8
1423167431590 8
1423167492284 8
1423167553583 9
1423167614327 9
1423167675590 9
1423167736269 10
1423167797000 8
1423167857820 8
1423167918580 8
1423167979306 8
1423168040003 9
1423168100779 8
1423168161565 7
1423168222292 8
1423168283537 8
1423168345333 9
1423168406020 8
1423168466772 9
1423168527479 7
1423168588257 17
1423168649036 10
1423168710299 8
1423168771058 9
1423168831806 9
1423168893029 7
1423168953754 8
1423169014458 8
1423169075223 8
1423169135955 8
1423169197231 9
1423169257965 8
1423169318681 10
1423169379421 8
1423169440219 9
1423169500972 9
1423169561725 9
1423169622431 8
1423169683179 9
1423169744468 9
1423169805506 12
1423169866265 9
1423169926971 8
1423169988214 8
1423170049483 8
1423170110238 9
1423170171068 9
1423170231830 8
1423170292586 9
1423170353860 9
1423170414642 9
1423170475544 9
1423170536321 9
1423170597572 13
1423170658318 8
1423170719102 10
1423170779819 8
1423170840560 8
1423170901371 8
1423170962105 18
1423171023341 9
1423171084123 8
1423171144851 9
1423171205572 9
1423171266297 7
1423171327081 8
1423171387815 8
1423171448834 8
1423171509789 8
1423171570510 8
1423171631263 10
1423171692031 9
1423171752831 8
1423171813646 8
1423171874333 8
1423171935039 7
1423171995804 32
1423172056604 8
1423172117296 9
1423172178312 14
1423172239027 8
1423172299768 8
1423172360504 10
1423172421254 8
1423172482506 8
1423172543271 8
1423172604009 8
1423172664749 8
1423172725475 8
1423172786774 19
1423172847490 8
1423172908738 9
1423172969567 11
1423173030272 8
1423173091514 10
1423173152306 8
1423173213022 8
1423173273726 9
1423173334463 9
1423173396230 8
1423173457474 9
1423173518728 7
1423173579530 8
1423173640255 9
1423173701033 9
1423173761759 8
1423173822854 9
1423173883876 8
1423173945352 9
1423174006125 9
1423174066894 8
1423174127621 8
1423174188340 8
1423174249053 9
1423174309759 8
1423174370551 10
1423174431321 9
1423174492020 8
1423174553009 8
1423174613704 9
1423174674954 9
1423174735672 7
1423174796914 9
1423174858168 13
1423174918879 8
1423174979599 9
1423175040331 9
1423175102199 8
1423175162921 8
1423175223670 9
1423175284401 8
1423175345646 12
1423175406382 14
1423175467121 13
1423175527807 8
1423175588532 8
1423175649276 8
1423175709995 8
1423175770712 8
1423175831444 9
1423175892204 9
1423175952968 9
1423176013689 12
1423176074440 9
1423176135146 9
1423176196228 10
1423176257472 8
1423176318181 8
1423176378946 7
1423176439752 8
1423176500990 9
1423176561710 9
1423176622445 9
1423176683201 9
1423176743916 8
1423176805155 9
1423176865903 17
1423176927204 9
1423176987972 8
1423177048987 8
1423177109715 13
1423177170449 8
1423177231225 9
1423177291975 8
1423177352733 8
1423177414055 8
1423177474819 8
1423177535549 8
1423177596862 9
1423177657712 9
1423177718441 7
1423177779201 8
1423177839951 8
1423177900699 9
1423177961936 8
1423178022689 9
1423178083937 9
1423178144842 8
1423178205564 9
1423178266281 8
1423178326994 9
1423178387705 8
1423178448409 8
1423178509383 10
1423178570154 8
1423178630895 9
1423178692145 9
1423178752917 9
