1424480717356 19
1424480778101 15
1424480838814 15
1424480899571 16
1424480960356 22
1424481021240 16
1424481082082 15
1424481142820 14
1424481203524 20
1424481264271 18
1424481325074 16
1424481386039 14
1424481446744 16
1424481507459 17
1424481568252 16
1424481629061 17
1424481689876 15
1424481750639 19
1424481811335 16
1424481872200 21
1424481932984 17
1424481993796 15
1424482054655 16
1424482115495 17
1424482176333 17
1424482237163 16
1424482297931 16
1424482358641 16
1424482419548 15
1424482480305 17
1424482541046 18
1424482601907 15
1424482662689 15
1424482723425 19
1424482784173 18
1424482845092 16
1424482905866 16
1424482966771 44
1424483027488 17
1424483088197 15
1424483148917 17
1424483209741 14
1424483270896 16
1424483331624 14
1424483392447 16
1424483453175 14
1424483513945 17
1424483574862 118
1424483635708 46
1424483696514 43
1424483757216 45
1424483818008 44
1424483878921 44
1424483939749 21
1424484000558 17
1424484061282 17
1424484122005 17
1424484182806 16
1424484243712 19
1424484304467 17
1424484365152 19
1424484425890 15
1424484486636 15
1424484547539 23
1424484608355 14
1424484669119 13
1424484729965 42
1424484790772 42
1424484851590 43
1424484912399 44
1424484973170 45
1424485033931 16
1424485094634 17
1424485155447 15
1424485216204 15
1424485276972 15
1424485337762 17
1424485398551 16
1424485459293 17
1424485520012 17
1424485580726 16
1424485641531 16
1424485702351 15
1424485763128 17
1424485823873 45
1424485884748 44
1424485945573 43
1424486006594 43
1424486067349 14
1424486128142 16
1424486188835 15
1424486249643 19
1424486310508 16
1424486371396 14
1424486432214 22
1424486492930 17
1424486553678 16
1424486614510 15
1424486675321 16
1424486736094 14
1424486796845 15
1424486857568 15
1424486918371 16
1424486979132 15
1424487039873 18
1424487100639 15
1424487161370 17
1424487222273 16
1424487283096 36
1424487343914 16
1424487404633 17
1424487465417 15
1424487526173 17
1424487586947 13
1424487647780 15
1424487708551 13
1424487769350 17
1424487830120 17
1424487891021 15
1424487951869 22
1424488012709 16
1424488073397 13
1424488134100 50
1424488194826 14
1424488255660 14
1424488316545 17
1424488377279 17
1424488437971 21
1424488498674 20
1424488559491 14
1424488620271 15
1424488681048 15
1424488741806 14
1424488802554 17
1424488863434 17
1424488924174 17
1424488984934 16
1424489045672 16
1424489106423 18
1424489167257 15
1424489228027 14
1424489288803 16
1424489349549 40
1424489410276 15
1424489471165 17
1424489531974 13
1424489592790 17
1424489653496 15
1424489714202 16
1424489774994 16
1424489835731 16
1424489896579 16
1424489957432 18
1424490018210 18
1424490079008 17
1424490139783 14
1424490200528 13
1424490261280 20
1424490322293 17
1424490383152 18
1424490443906 16
1424490504634 15
1424490565372 12
1424490626144 10
1424490686999 17
1424490747841 15
1424490808635 16
1424490869400 16
1424490930207 16
1424490991153 59
1424491052030 15
1424491112769 14
1424491173509 15
1424491234268 23
1424491295148 15
1424491355950 13
1424491416711 14
1424491477476 16
1424491538200 18
1424491599060 17
1424491659872 18
1424491720742 14
1424491781428 16
1424491842115 15
1424491902975 19
1424491963840 19
1424492024668 16
1424492085416 16
1424492146333 16
1424492207100 18
1424492267849 16
1424492328635 16
1424492389377 18
1424492450304 67
1424492511184 16
1424492572117 17
1424492632931 16
1424492693752 13
1424492754511 15
1424492815292 15
1424492876025 15
1424492936782 17
1424492997631 13
1424493058533 12
1424493119234 17
1424493180032 37
1424493240917 39
1424493301733 15
1424493362600 14
1424493423416 14
1424493484121 18
1424493544916 15
1424493605662 16
1424493666540 15
1424493727285 15
1424493788012 16
1424493848780 12
1424493909459 14
1424493970472 14
1424494031239 16
1424494092057 15
1424494152829 16
1424494213533 16
1424494274386 14
1424494335144 12
1424494395931 48
1424494456836 44
1424494517569 44
1424494578359 44
1424494639174 41
1424494700000 44
1424494760815 43
1424494821580 43
1424494882482 17
1424494943237 16
1424495003998 16
1424495064829 16
1424495125603 13
1424495186422 17
1424495247231 18
1424495308067 18
1424495368983 66
1424495429827 16
1424495490601 17
1424495551456 15
1424495612268 13
1424495673004 18
1424495733728 15
1424495794589 18
1424495855436 19
1424495916281 15
1424495977102 18
1424496037929 16
1424496098710 19
1424496159660 16
1424496220446 17
1424496281263 17
1424496341992 17
1424496402814 17
1424496463720 15
1424496524520 18
1424496585335 15
1424496646222 20
1424496706919 18
1424496767745 15
1424496828455 12
1424496889303 12
1424496950120 19
1424497010873 15
1424497071633 13
1424497132423 14
1424497193357 17
1424497254146 15
1424497314915 15
1424497375695 16
1424497436390 15
1424497497228 17
1424497557975 17
1424497618685 17
1424497679460 16
1424497740200 15
1424497800957 18
1424497861752 16
1424497922484 17
1424497983248 15
1424498044054 16
1424498104860 16
1424498165743 15
1424498226541 15
1424498287331 16
1424498348045 15
1424498408805 17
1424498469751 15
1424498530591 16
1424498591447 15
1424498652208 14
1424498713023 13
1424498773842 15
1424498834636 35
1424498895454 68
1424498956356 15
1424499017076 15
1424499077930 16
1424499138723 15
1424499199619 15
1424499260409 16
1424499321300 16
1424499382076 16
1424499442871 19
1424499503684 11
1424499564491 15
1424499625282 15
1424499686047 14
1424499746750 14
1424499807575 15
1424499868360 15
1424499929184 17
1424499989994 90
1424500050783 19
1424500111602 16
1424500172415 24
1424500233186 17
1424500293969 17
1424500357437 51
1424500418332 16
1424500479105 14
1424500539809 15
1424500600598 18
1424500661359 16
1424500722213 13
1424500782924 13
1424500843726 16
1424500904560 16
1424500965406 17
1424501026235 18
1424501087068 17
1424501147851 17
1424501208589 18
1424501269557 62
1424501330403 16
1424501391258 16
1424501452088 15
1424501512772 15
1424501573472 16
1424501634344 14
1424501695191 14
1424501756010 16
1424501816706 15
1424501877522 14
1424501938388 16
1424501999292 16
1424502060003 13
1424502120713 18
1424502181543 16
1424502242428 54
1424502303284 16
1424502364053 18
1424502424787 15
1424502485523 18
1424502546349 14
1424502607073 16
1424502667872 14
1424502728579 16
1424502789329 71
1424502850297 15
1424502911026 14
1424502971759 15
1424503032614 16
1424503093341 15
1424503154108 14
1424503214874 17
1424503275686 38
1424503336765 11
1424503397436 43
1424503458320 14
1424503519113 16
1424503579963 15
1424503640770 17
1424503701521 16
1424503762280 18
1424503823033 16
1424503883845 15
1424503944578 54
1424504005388 17
1424504066136 22
1424504127006 15
1424504187857 16
1424504248599 17
1424504309286 17
1424504369987 16
1424504430877 14
1424504491684 15
1424504552538 16
1424504613277 19
1424504673992 17
1424504734781 17
1424504795980 16
1424504856930 22
1424504917659 152
1424504978867 19
1424505039593 18
1424505100463 16
1424505161233 14
1424505222018 16
1424505282735 13
1424505343461 15
1424505404271 14
1424505465017 19
1424505525758 13
1424505586545 14
1424505647263 14
1424505708080 15
1424505768868 13
1424505829743 17
1424505890473 16
1424505951156 18
1424506011946 77
1424506072850 20
1424506133734 16
1424506194432 14
1424506255153 16
1424506315898 18
1424506376783 16
1424506437571 13
1424506498299 15
1424506559035 14
1424506619741 32
1424506680593 16
1424506741365 15
1424506802140 14
1424506862884 14
1424506923620 12
1424506984408 18
1424507045282 14
1424507106059 17
1424507166809 44
1424507227550 17
1424507288379 18
1424507349223 17
1424507410003 39
1424507470784 15
1424507531466 16
1424507592363 14
1424507653260 15
1424507713981 15
1424507774655 15
1424507835396 16
1424507896296 15
1424507957117 17
1424508017940 15
1424508078670 16
1424508139384 16
1424508200140 15
1424508260892 15
1424508321687 15
1424508382392 16
1424508443162 16
1424508503944 15
1424508564800 15
1424508625579 15
1424508686389 16
1424508747197 16
1424508807954 16
1424508868889 17
1424508929589 15
1424508990499 16
1424509051350 17
1424509112020 14
1424509172870 14
1424509233721 11
1424509294447 17
1424509355147 15
1424509415901 16
1424509476773 14
1424509537587 18
1424509598432 19
1424509659185 17
1424509719862 17
1424509780720 15
1424509841504 16
1424509902268 59
1424509963075 15
1424510023808 18
1424510084518 17
1424510145254 16
1424510206074 16
1424510266841 19
1424510327910 17
1424510388644 16
1424510449375 15
1424510510169 17
1424510570938 48
1424510631902 45
1424510692650 43
1424510753438 44
1424510814943 45
1424510875784 44
1424510936703 45
1424510997535 110
1424511058661 50
1424511119452 15
1424511180221 155
1424511241215 17
1424511302076 109
1424511362907 31
1424511423622 16
1424511484381 15
1424511545114 15
1424511605907 19
1424511666706 16
1424511727403 14
1424511788197 43
1424511848956 46
1424511909823 42
1424511970737 43
1424512031578 44
1424512092366 43
1424512153128 16
1424512213916 15
1424512274724 19
1424512335524 14
1424512396338 16
1424512457039 16
1424512517814 17
1424512578570 16
1424512639424 17
1424512700325 15
1424512761111 15
1424512821824 16
1424512882555 14
1424512943356 18
1424513004156 15
1424513064887 16
1424513125644 15
1424513186416 16
1424513247200 17
1424513308065 16
1424513368736 16
1424513429440 37
1424513490261 14
1424513550982 14
1424513611831 26
1424513672588 16
1424513733350 15
1424513794058 16
1424513854895 16
1424513915736 17
1424513976641 15
1424514037441 16
1424514098223 14
1424514159014 12
1424514219869 17
1424514280758 16
1424514341474 17
1424514402255 18
1424514462989 15
1424514523780 14
1424514584542 15
1424514645281 15
1424514706054 16
1424514766763 16
1424514827564 26
1424514888419 14
1424514949231 14
1424515009963 14
1424515070662 15
1424515131404 17
1424515192171 17
1424515253054 13
1424515313791 15
1424515374530 78
1424515435259 16
1424515495953 16
1424515556743 15
1424515617628 13
1424515678296 16
1424515738985 15
1424515799744 15
1424515860497 15
1424515921251 14
1424515981976 57
1424516042809 15
1424516103605 14
1424516164401 14
1424516225224 16
1424516285957 17
1424516346810 17
1424516407687 17
1424516468457 14
1424516529295 16
1424516590057 16
1424516651039 15
1424516711800 15
1424516772553 16
1424516833286 15
1424516894045 15
1424516954804 15
1424517015556 14
1424517076348 14
1424517137110 15
1424517197925 56
1424517258695 14
1424517319631 15
1424517380480 15
1424517441302 13
1424517502066 16
1424517562823 14
1424517623522 15
1424517684340 13
1424517745129 15
1424517805925 16
1424517866709 17
1424517927410 18
1424517988274 16
1424518049104 13
1424518109881 16
1424518170718 15
1424518231437 14
1424518292261 20
1424518353114 14
1424518413852 34
1424518474629 17
1424518535368 15
1424518596180 17
1424518656979 16
1424518717727 16
1424518778488 20
1424518839316 17
1424518900147 648
1424518961584 16
1424519022304 66
1424519083068 17
1424519143809 15
1424519204617 16
1424519265477 17
1424519326213 59
1424519386999 18
1424519447683 16
1424519508478 15
1424519569294 15
1424519629956 15
1424519690738 15
1424519751405 16
1424519812133 17
1424519872896 19
1424519933666 15
1424519994410 14
1424520055164 16
1424520115963 14
1424520176765 58
1424520237550 14
1424520298225 17
1424520359068 16
1424520419817 16
1424520480634 15
1424520541539 14
1424520602254 18
1424520663002 31
1424520723888 15
1424520784588 19
1424520845392 14
1424520906173 16
1424520966882 17
1424521027600 15
1424521088549 14
1424521149309 15
1424521210037 16
1424521270791 15
1424521331522 47
1424521392312 16
1424521453123 12
1424521513948 42
1424521574686 42
1424521635472 44
1424521696173 43
1424521757010 70
1424521817949 43
1424521878681 17
1424521939453 18
1424522000163 13
1424522060997 14
1424522121703 14
1424522182408 17
1424522243262 15
1424522304097 15
1424522365001 14
1424522425732 16
1424522486579 15
1424522547350 16
1424522608071 18
1424522668941 15
1424522729646 15
1424522790420 17
1424522851231 18
1424522911995 17
1424522972759 14
1424523033434 14
1424523094279 15
1424523155088 15
1424523215819 16
1424523276601 15
1424523337383 15
1424523398148 17
1424523458931 22
1424523519617 16
1424523580413 14
1424523641283 15
1424523702043 15
1424523762774 16
1424523823498 12
1424523884235 15
1424523945086 16
1424524005897 15
1424524066654 15
1424524127388 17
1424524188191 16
1424524248930 16
1424524309842 17
1424524370629 15
1424524431389 14
1424524492165 17
1424524553006 18
1424524613908 15
1424524674675 16
1424524735415 62
1424524796174 16
1424524856938 15
1424524917688 16
1424524978445 20
1424525039182 15
1424525099922 14
1424525160685 18
1424525221393 14
1424525282184 15
1424525343014 15
1424525403754 16
1424525464569 15
1424525525334 15
1424525586172 14
1424525646956 14
1424525707707 17
1424525768499 16
1424525829284 16
1424525890097 19
1424525950905 17
1424526011613 61
1424526072513 16
1424526133224 18
1424526194026 17
1424526254857 14
1424526315589 15
1424526376334 13
1424526437026 15
1424526497794 15
1424526558549 15
1424526619330 14
1424526680054 14
1424526740808 15
1424526801718 15
1424526862501 15
1424526923257 13
1424526983967 18
1424527044822 19
1424527105644 43
1424527166472 14
1424527227158 42
1424527287915 42
1424527348721 45
1424527409643 42
1424527470435 43
1424527531178 42
1424527591898 20
1424527652592 17
1424527713461 15
1424527774274 16
1424527835015 15
1424527895692 16
1424527956399 18
1424528017280 17
1424528078087 15
1424528138795 15
1424528199607 27
1424528260354 46
1424528321205 44
1424528382042 44
1424528442864 44
1424528503639 42
1424528564392 44
1424528625236 44
1424528686050 17
1424528746776 21
1424528807512 28
1424528868256 16
1424528929136 15
1424528989946 15
1424529050756 67
1424529111514 16
1424529172348 18
1424529233207 23
1424529293967 19
1424529354704 11
1424529415396 45
1424529476124 46
1424529536910 41
1424529597781 42
1424529658482 44
1424529719297 15
1424529780000 16
1424529840797 15
1424529901657 128
1424529962518 16
1424530023279 15
1424530084028 15
1424530144790 15
1424530205633 16
1424530266395 16
1424530327217 14
1424530387976 19
1424530448726 17
1424530509496 43
1424530570527 121
1424530631338 44
1424530692133 18
1424530752858 14
1424530813674 15
1424530874541 17
1424530935291 15
1424530996042 14
1424531056786 15
1424531117545 54
1424531178504 13
1424531239244 14
1424531299947 15
1424531360670 15
1424531421362 15
1424531482212 14
1424531543008 13
1424531603749 16
1424531664546 14
1424531725245 15
1424531786033 46
1424531846842 15
1424531907609 13
1424531968355 14
1424532029078 17
1424532089905 15
1424532150690 16
1424532211481 16
1424532272189 15
1424532332970 16
1424532393757 16
1424532454485 16
1424532515345 15
1424532576127 16
1424532636908 13
1424532697763 16
1424532758556 14
1424532819443 14
1424532880262 16
1424532940981 13
1424533001800 15
1424533062511 17
1424533123353 16
1424533184109 16
1424533244959 15
1424533305768 13
1424533366470 15
1424533427401 16
1424533488232 1241
1424533550185 15
1424533611057 13
1424533671833 13
1424533732678 14
1424533793452 14
1424533854149 13
1424533914958 11
1424533975622 15
1424534036535 15
1424534097313 16
1424534158187 16
1424534219012 16
1424534279791 15
1424534340502 15
1424534401294 15
1424534462178 14
1424534522943 16
1424534583656 15
1424534644435 14
1424534705256 14
1424534765981 15
1424534826803 15
1424534887504 15
1424534948301 14
1424535009102 15
1424535069866 14
1424535130603 16
1424535191399 14
1424535252114 13
1424535312939 13
1424535373825 15
1424535434530 14
1424535495337 15
1424535556134 15
1424535617057 14
1424535677795 16
1424535738502 14
1424535799257 14
1424535860040 22
1424535920868 16
1424535981574 15
1424536042335 15
1424536103153 17
1424536164015 17
1424536224816 12
1424536285574 15
1424536346291 18
1424536407101 18
1424536468058 17
1424536528928 19
1424536589740 14
1424536650444 15
1424536711185 15
1424536771946 15
1424536832730 15
1424536893487 15
1424536954192 18
1424537014962 15
1424537075773 15
1424537136468 19
1424537197320 16
1424537258118 16
1424537318895 15
1424537379728 17
1424537440445 18
1424537501227 15
1424537562038 17
1424537622832 16
1424537683635 17
1424537744392 21
1424537805275 28
1424537866176 14
1424537926933 17
1424537987702 110
1424538048493 16
1424538109254 15
1424538170040 14
1424538230822 16
1424538291625 20
1424538352434 20
1424538413232 17
1424538474036 20
1424538534821 14
1424538595587 12
1424538656282 16
1424538716987 44
1424538777902 42
1424538838763 42
1424538899446 649
1424538960915 76
1424539021737 42
1424539082604 44
1424539143406 42
1424539204267 15
1424539265062 17
1424539325831 17
1424539386743 15
1424539447549 17
1424539508337 17
1424539569196 15
1424539629914 16
1424539692082 189
1424539752985 17
1424539813711 15
1424539874570 12
1424539935313 16
1424539996056 16
1424540056928 20
1424540117632 21
1424540178477 15
1424540239269 17
1424540300029 16
1424540360708 18
1424540421441 14
1424540482351 14
1424540543134 14
1424540603868 18
1424540664624 14
1424540725315 15
1424540786211 16
1424540847093 13
1424540907846 19
1424540968564 16
1424541029385 14
1424541090171 16
1424541150998 17
1424541211821 12
1424541272525 22
1424541333238 17
1424541394008 20
1424541454786 17
1424541515578 17
1424541576362 32
1424541637155 18
1424541697915 18
1424541758757 20
1424541819587 19
1424541880430 18
1424541941216 15
1424542002045 48
1424542062866 16
1424542123621 15
1424542184325 15
1424542245089 14
1424542305827 11
1424542366665 12
1424542427461 17
1424542488236 21
1424542549122 23
1424542609842 17
1424542670668 16
1424542731516 15
1424542792299 13
1424542853028 14
1424542913726 15
1424542974607 18
1424543035388 14
1424543096146 15
1424543157050 17
1424543217732 18
1424543278576 17
1424543339428 16
1424543400267 16
1424543460992 12
1424543521737 13
1424543582536 17
1424543643310 15
1424543704069 14
1424543764831 18
1424543825523 16
1424543886282 15
1424543947039 14
1424544007776 65
1424544068599 14
1424544129330 16
1424544190079 29
1424544250994 16
1424544311725 14
1424544372487 17
1424544433224 15
1424544494049 15
1424544554884 15
1424544615638 15
1424544676417 16
1424544737176 17
1424544797970 14
1424544858801 15
1424544919512 14
1424544980279 17
1424545041019 16
1424545101904 15
1424545162715 14
1424545223506 14
1424545284230 14
1424545344904 33
1424545405750 17
1424545466509 14
1424545527319 14
1424545588056 14
1424545648802 14
1424545709573 99
1424545770387 18
1424545831172 14
1424545891983 15
1424545952716 16
1424546013437 16
1424546074188 17
1424546134984 14
1424546195738 14
1424546256525 16
1424546317289 18
1424546378120 17
1424546438941 18
1424546499763 18
1424546560539 18
1424546621254 19
1424546681956 15
1424546742835 15
1424546803634 16
1424546864379 14
1424546925174 48
1424546985938 16
1424547046764 16
1424547107557 16
1424547168294 13
1424547228994 42
1424547289714 41
1424547350655 45
1424547411480 44
1424547472295 15
1424547532967 18
1424547593669 55
1424547654499 17
1424547715255 16
1424547775986 24
1424547836790 16
1424547897569 17
1424547958319 17
1424548019180 14
1424548080047 16
1424548140815 15
1424548201536 18
1424548262285 16
1424548323101 16
1424548384010 11
1424548444769 41
1424548505552 49
1424548566341 15
1424548627150 28
1424548687954 15
1424548748654 16
1424548809409 14
1424548870138 14
1424548931204 17
1424548992030 15
1424549052741 15
1424549113441 40
1424549174225 16
1424549234985 16
1424549295795 14
1424549356524 27
1424549417309 15
1424549478105 15
1424549538975 16
1424549599768 16
1424549660610 13
1424549721434 16
1424549782208 63
1424549843028 15
1424549903813 15
1424549964741 13
1424550026371 14
1424550087268 24
1424550148092 14
1424550208905 55
1424550269672 15
1424550330425 15
1424550391408 15
1424550452209 78
1424550513188 28
1424550573910 16
1424550634686 15
1424550695536 17
1424550756299 16
1424550817103 14
1424550877801 14
1424550938576 13
1424550999427 70
1424551060243 15
1424551121009 16
1424551181747 16
1424551242485 17
1424551303272 15
1424551364095 16
1424551424934 15
1424551485699 16
1424551546403 16
1424551607197 13
1424551668034 13
1424551728754 21
1424551789443 15
1424551850163 14
1424551910852 14
1424551971661 13
1424552032500 14
1424552093275 13
1424552153989 15
1424552214693 16
1424552275447 16
1424552336281 16
1424552397098 14
1424552457820 15
1424552518505 17
1424552579320 17
1424552640142 17
1424552700904 16
1424552761652 15
1424552822425 15
1424552883379 16
1424552944267 14
1424553004981 14
1424553065746 15
1424553126439 34
1424553187200 14
1424553248014 14
1424553308790 15
1424553369588 13
1424553430387 13
1424553491261 14
1424553552001 15
1424553612804 15
1424553673696 14
1424553734483 15
1424553795274 17
1424553856017 15
1424553916738 15
1424553977780 13
1424554038596 13
1424554099395 15
1424554160233 56
1424554221042 14
1424554281822 55
1424554342664 16
1424554403435 20
1424554464285 14
1424554525064 14
1424554585909 15
1424554646830 16
1424554707593 18
1424554768362 15
1424554829148 15
1424554889886 15
1424554950699 42
1424555011424 18
1424555072246 46
1424555133047 84
1424555193913 44
1424555254762 59
1424555315555 43
1424555376319 17
1424555437124 15
1424555497857 15
1424555558696 21
1424555619465 19
1424555680261 16
1424555740989 15
1424555801743 15
1424555862593 16
1424555923365 18
1424555984046 17
1424556044922 43
1424556105660 52
1424556166519 44
1424556227326 48
1424556288459 42
1424556349247 63
1424556409958 15
1424556470710 38
1424556531559 19
1424556592361 16
1424556653098 14
1424556713821 15
1424556774643 17
1424556835380 17
1424556896094 14
1424556956863 16
1424557017541 15
1424557078327 14
1424557139185 14
1424557199885 13
1424557260682 15
1424557321388 42
1424557382196 43
1424557443046 43
1424557503824 44
1424557564578 44
1424557625308 42
1424557686125 15
1424557746931 14
1424557807685 14
1424557868406 14
1424557929088 19
1424557989867 17
1424558050848 14
1424558111725 28
1424558172443 15
1424558233151 15
1424558293893 15
1424558354718 16
1424558415548 12
1424558476287 14
1424558536970 12
1424558597701 14
1424558658477 16
1424558719288 14
1424558780037 14
1424558840788 16
1424558901567 13
1424558962304 14
1424559023112 14
1424559083915 13
1424559144619 23
1424559205385 13
1424559266188 16
1424559327026 40
1424559387836 27
1424559448632 15
1424559509397 17
1424559570134 15
1424559630945 16
1424559691656 17
1424559752490 15
1424559813311 12
1424559874127 17
1424559934900 17
1424559995750 13
1424560056500 15
1424560117228 16
1424560177925 16
1424560238713 15
1424560299485 14
1424560360223 15
1424560421038 15
1424560481774 16
1424560542515 18
1424560603261 16
1424560663991 16
1424560724935 131
1424560785750 14
1424560846483 16
1424560907278 14
1424560968026 13
1424561028809 15
1424561089565 15
1424561150310 12
1424561211182 15
1424561272007 15
1424561332807 14
1424561393533 14
1424561454270 46
1424561515106 36
1424561575881 41
1424561636732 17
1424561697508 17
1424561758209 17
1424561818982 16
1424561879828 15
1424561940659 14
1424562001498 14
1424562062195 15
1424562122972 66
1424562183771 15
1424562244624 16
1424562305350 16
1424562366111 15
1424562426934 14
1424562487684 14
1424562548564 15
1424562609328 15
1424562670047 14
1424562730877 18
1424562791652 15
1424562852480 16
1424562913263 15
1424562973969 14
1424563034763 14
1424563095452 15
1424563156219 15
1424563216980 15
1424563277704 13
1424563338468 16
1424563399301 14
1424563460051 14
1424563520865 15
1424563581613 14
1424563642372 15
1424563703203 14
1424563763939 14
1424563824695 16
1424563885619 16
1424563946371 21
1424564007307 15
1424564068080 16
1424564128846 17
1424564189601 16
1424564250303 18
1424564311119 18
1424564371982 15
1424564432691 14
1424564493446 14
1424564554187 14
1424564614996 14
1424564675701 15
1424564736511 14
1424564797254 17
1424564858107 33
1424564918966 16
1424564979726 16
1424565040619 110
1424565101830 365
1424565163254 67
1424565224193 81
1424565285224 15
1424565345984 14
1424565407058 14
1424565467842 12
1424565528736 13
1424565589468 13
1424565650138 41
1424565711048 13
1424565771889 17
1424565832695 14
1424565893363 14
1424565954077 17
1424566014862 14
1424566075650 16
1424566136521 16
1424566197321 15
1424566258148 16
1424566318874 12
1424566379714 44
1424566440486 42
1424566501253 41
1424566562024 42
1424566622717 42
1424566683605 42
1424566744458 58
1424566805293 14
1424566866025 13
1424566926730 15
1424566987559 15
1424567048327 14
1424567109133 18
1424567170026 14
1424567230761 13
1424567291487 13
1424567352209 42
1424567413032 17
1424567473868 13
1424567534624 14
1424567595403 14
1424567656138 14
1424567716898 19
1424567777660 13
1424567838523 16
1424567899246 15
1424567960037 18
1424568020889 18
1424568081605 17
1424568142588 16
1424568203469 14
1424568264258 14
1424568325167 22
1424568385913 16
1424568446686 14
1424568507538 13
1424568568245 12
1424568629079 12
1424568689930 15
1424568750690 19
1424568811578 33
1424568872378 17
1424568933121 15
1424568993953 17
1424569054983 16
1424569117342 18
1424569179862 16
1424569240932 15
1424569301664 13
1424569362471 19
1424569423247 14
1424569484010 16
1424569544723 13
1424569605567 15
1424569666349 13
1424569727150 15
1424569787970 15
1424569848737 15
1424569909621 14
1424569970306 16
1424570031057 16
1424570091773 14
1424570152543 22
1424570213520 17
1424570274364 16
1424570335501 16
1424570396982 15
1424570457760 14
1424570518599 14
1424570579341 15
1424570640124 30
1424570700839 15
1424570761698 14
1424570822567 15
1424570883295 15
1424570944003 15
1424571004838 17
1424571065547 16
1424571126478 12
1424571187267 12
1424571247978 15
1424571308747 17
1424571369479 16
1424571430246 46
1424571491158 14
1424571551907 16
1424571612780 13
1424571674135 13
1424571734922 15
1424571795725 15
1424571856502 16
1424571917345 16
1424571978107 14
1424572038932 14
1424572099687 14
1424572160418 13
1424572221202 14
1424572282024 14
1424572342845 12
1424572403599 13
1424572464333 14
1424572525101 13
1424572585923 14
1424572646745 14
1424572707611 13
1424572768414 16
1424572829194 16
1424572889932 17
1424572950676 15
1424573011502 17
1424573072315 15
1424573133104 15
1424573193848 15
1424573254582 14
1424573315776 14
1424573376509 17
1424573437296 15
1424573498043 14
1424573558834 14
1424573619685 14
1424573680451 14
1424573741305 16
1424573802116 17
1424573862919 15
1424573923843 15
1424573984665 14
1424574045381 16
1424574106102 17
1424574166839 16
1424574227760 13
1424574288536 17
1424574349307 15
1424574409985 13
1424574470683 15
1424574531570 15
1424574592448 15
1424574653150 17
1424574713853 14
1424574774623 13
1424574835410 13
1424574896152 15
1424574956928 15
1424575017682 15
1424575078521 16
1424575139390 18
1424575200186 14
1424575260923 16
1424575321753 15
1424575382653 16
1424575443491 14
1424575504304 15
1424575565083 14
1424575625865 21
1424575686682 14
1424575747488 14
1424575808324 14
1424575869130 14
1424575929855 14
1424575990598 15
1424576051409 13
1424576112165 59
1424576172949 26
1424576233775 13
1424576294529 16
1424576355447 13
1424576416203 16
1424576476974 15
1424576537761 15
1424576598467 15
1424576659297 15
1424576720076 14
1424576780845 16
1424576841547 14
1424576902444 15
1424576963317 15
1424577024071 61
1424577084992 16
1424577145676 15
1424577206451 15
1424577267249 16
1424577328107 12
1424577388883 14
1424577449570 15
1424577510276 14
1424577571201 16
1424577631938 15
1424577692819 13
1424577753632 14
1424577814388 16
1424577875202 13
1424577935992 19
1424577996775 16
1424578057826 15
1424578118597 13
1424578179544 14
1424578240326 16
1424578301160 15
1424578361924 16
1424578422773 15
1424578483535 17
1424578544274 14
1424578605069 14
1424578665958 12
1424578726683 13
1424578787429 14
1424578848299 14
1424578909033 14
1424578970215 16
1424579031006 19
1424579091914 14
1424579152698 18
1424579213476 14
1424579274342 17
1424579335223 18
1424579396132 17
1424579456925 39
1424579517717 16
1424579578652 23
1424579639446 17
1424579700244 16
1424579760972 14
1424579821718 15
1424579882544 14
1424579943339 21
1424580004086 14
1424580064947 14
1424580125668 16
1424580186465 14
1424580247344 22
1424580308208 15
1424580368967 15
1424580429688 14
1424580490488 13
1424580551316 14
1424580612123 13
1424580672879 15
1424580733621 14
1424580794338 14
1424580855188 16
1424580915920 15
1424580976817 13
1424581037611 14
1424581098280 48
1424581159123 15
1424581219969 16
1424581280711 13
1424581341529 16
1424581402276 129
1424581463747 18
1424581524595 15
1424581585391 14
1424581646198 42
1424581707004 44
1424581767732 42
1424581828571 15
1424581889472 15
1424581950182 86
1424582010994 21
1424582071767 16
1424582132580 16
1424582193385 16
1424582254308 16
1424582315245 15
1424582375975 15
1424582436675 14
1424582497460 12
1424582558265 13
1424582619029 20
1424582681072 13
1424582741846 45
1424582802669 48
1424582863534 87
1424582924397 45
1424582985308 46
1424583046107 14
1424583106903 18
1424583167749 49
1424583228581 19
1424583289429 13
1424583350311 14
1424583411126 18
1424583471837 14
1424583532555 16
1424583593380 15
1424583654118 17
1424583715043 15
1424583775831 16
1424583836546 13
1424583897248 19
1424583958114 45
1424584018912 43
1424584079739 43
1424584140650 15
1424584201410 15
1424584262360 15
1424584323178 16
1424584383886 13
1424584444721 15
1424584505513 14
1424584566341 16
1424584627152 13
1424584687851 17
1424584748634 18
1424584809427 17
1424584870187 16
1424584931232 17
1424584991988 17
1424585052900 17
1424585113749 18
1424585174531 16
1424585235407 16
1424585296215 15
1424585357012 17
1424585417911 16
1424585478620 15
1424585539363 15
1424585600199 18
1424585660994 15
1424585721725 13
1424585782578 15
1424585843374 17
1424585904239 14
1424585965001 16
1424586025798 14
1424586086513 16
1424586147191 17
1424586208091 15
1424586268824 19
1424586329572 17
1424586390410 13
1424586451193 14
1424586512009 16
1424586572741 18
1424586633504 17
1424586694390 19
1424586755193 16
1424586815930 15
1424586876675 15
1424586937450 16
1424586998312 17
1424587059241 18
1424587120012 16
1424587180719 17
1424587241521 16
1424587302237 12
1424587363039 26
1424587423887 18
1424587484612 16
1424587545325 15
1424587606073 13
1424587666942 15
1424587727748 17
1424587788517 16
1424587849293 19
1424587910050 16
1424587970823 16
1424588031628 18
1424588092472 15
1424588153263 16
1424588214067 58
1424588274819 17
1424588335598 17
1424588396447 17
1424588457205 14
1424588518015 14
1424588578711 17
1424588639450 15
1424588700244 54
1424588761035 13
1424588821732 15
1424588882489 13
1424588943291 16
1424589004196 14
1424589064997 15
1424589125754 17
1424589186559 17
1424589247349 15
1424589308257 15
1424589369018 15
1424589429728 15
1424589490687 15
1424589551381 67
1424589612242 16
1424589673357 14
1424589734168 13
1424589794942 13
1424589855647 14
1424589916369 38
1424589977201 14
1424590037988 14
1424590098729 19
1424590159497 21
1424590220290 17
1424590281144 16
1424590341979 17
1424590402799 17
1424590463524 16
1424590524201 15
1424590584966 16
1424590645781 16
1424590707032 15
1424590767764 16
1424590828522 51
1424590889315 17
1424590950058 17
1424591010883 14
1424591071640 15
1424591132347 15
1424591193014 15
1424591253847 66
1424591314718 14
1424591375432 13
1424591436277 16
1424591497031 60
1424591557882 52
1424591618942 44
1424591679745 44
1424591740589 45
1424591801345 43
1424591862052 45
1424591922873 15
1424591983771 16
1424592044493 15
1424592105258 15
1424592165973 17
1424592226763 50
1424592287648 15
1424592348514 15
1424592409302 13
1424592469971 13
1424592530724 15
1424592591531 15
1424592652316 14
1424592713055 16
1424592773756 20
1424592834530 17
1424592895258 16
1424592956020 16
1424593016707 16
1424593077455 17
1424593138215 15
1424593199115 14
1424593259933 17
1424593320711 16
1424593381397 21
1424593442227 15
1424593503166 16
1424593563964 15
1424593624668 15
1424593685449 57
1424593746231 13
1424593807067 12
1424593867942 12
1424593928727 16
1424593989498 15
1424594050201 14
1424594111043 16
1424594171814 14
1424594232573 13
1424594293264 14
1424594354027 14
1424594414890 13
1424594475644 13
1424594536357 15
1424594597081 14
1424594657782 19
1424594718562 14
1424594779400 15
1424594840193 16
1424594900913 17
1424594961734 16
1424595022540 17
1424595083404 16
1424595144213 40
1424595205064 14
1424595265878 16
1424595326715 33
1424595387462 13
1424595448271 13
1424595509021 14
1424595569778 15
1424595630481 20
1424595691289 16
1424595752146 14
1424595812971 15
1424595873780 14
1424595934441 14
1424595995171 12
1424596055910 14
1424596116661 14
1424596177390 14
1424596238091 14
1424596298978 15
1424596359976 15
1424596420753 19
1424596481608 16
1424596542327 16
1424596603074 15
1424596663853 15
1424596724599 16
1424596785370 16
1424596846102 14
1424596906927 17
1424596967739 16
1424597028441 14
1424597089407 13
1424597150159 14
1424597210916 16
1424597271644 14
1424597332336 14
1424597393147 16
1424597453954 14
1424597514772 14
1424597575464 12
1424597636185 11
1424597696963 18
1424597757825 15
1424597818531 14
1424597879204 15
1424597940023 15
1424598000740 14
1424598061528 13
1424598122224 13
1424598182970 17
1424598243783 58
1424598304617 20
1424598365403 15
1424598426136 17
1424598486940 15
1424598547694 56
1424598608466 15
1424598669290 14
1424598730033 16
1424598790782 15
1424598851478 15
1424598912213 11
1424598973052 16
1424599033779 16
1424599094554 16
1424599155350 14
1424599216072 15
1424599276867 14
1424599337657 15
1424599398443 14
1424599459110 16
1424599519844 15
1424599580652 15
1424599641431 13
1424599702149 13
1424599762871 15
1424599823623 16
1424599884472 14
1424599945255 15
1424600006012 15
1424600066716 17
1424600127562 13
1424600188409 15
1424600249240 16
1424600309975 12
1424600370747 15
1424600431479 14
1424600492284 20
1424600553026 26
1424600613855 16
1424600674590 88
1424600735448 17
1424600796251 18
1424600856997 13
1424600917799 14
1424600978552 14
1424601039304 16
1424601100123 21
1424601160956 15
1424601221739 14
1424601282530 108
1424601343636 107
1424601404614 20
1424601465388 15
1424601526069 14
1424601586862 108
1424601647751 16
1424601708542 179
1424601769644 18
1424601830402 16
1424601891252 16
1424601952080 18
1424602012820 17
1424602073602 15
1424602134501 21
1424602195184 16
1424602256030 15
1424602316773 20
1424602377534 18
1424602438365 18
1424602499133 17
1424602560014 16
1424602620886 18
1424602681715 17
1424602742464 15
1424602803226 13
1424602863939 17
1424602924708 47
1424602985635 42
1424603046487 42
1424603107269 17
1424603167977 15
1424603228781 15
1424603289545 16
1424603350255 16
1424603411059 17
1424603471827 17
1424603532547 17
1424603593416 15
1424603654176 16
1424603714883 18
1424603775667 17
1424603836390 15
1424603897212 18
1424603957958 16
1424604018668 20
1424604079512 16
1424604140297 18
1424604201132 14
1424604261913 15
1424604322744 17
1424604383506 17
1424604444345 16
1424604505169 18
1424604565923 20
1424604626696 18
1424604687408 17
1424604748144 15
1424604808881 15
1424604869756 16
1424604930598 17
1424604991435 15
1424605052163 13
1424605112974 15
1424605173727 16
1424605234546 16
1424605295278 15
1424605355968 15
1424605416700 15
1424605477588 15
1424605538380 16
1424605599098 17
1424605659868 17
1424605720632 15
1424605781453 17
1424605842177 14
1424605902896 16
1424605963687 16
1424606024432 17
1424606085350 19
1424606146098 16
1424606206840 19
1424606267783 16
1424606328492 19
1424606389236 16
1424606450055 18
1424606510788 33
1424606571559 16
1424606632302 15
1424606693053 16
1424606753851 17
1424606814620 14
1424606875378 16
1424606936116 19
1424606996832 16
1424607057637 15
1424607118377 14
1424607179087 16
1424607239889 16
1424607300629 14
1424607361505 16
1424607422186 16
1424607482928 15
1424607543696 14
1424607604480 14
1424607665264 18
1424607725976 33
1424607786837 17
1424607847592 15
1424607908399 15
1424607969140 16
1424608029898 17
1424608090807 17
1424608151632 15
1424608212407 15
1424608273235 15
1424608333968 19
1424608394728 21
1424608455551 15
1424608516383 16
1424608577147 43
1424608637851 42
1424608698613 43
1424608759529 42
1424608820415 18
1424608881112 17
1424608941860 17
1424609002629 17
1424609063500 17
1424609124321 18
1424609185058 17
1424609245803 26
1424609306565 16
1424609367394 15
1424609428251 47
1424609488986 45
1424609549688 45
1424609610453 43
1424609671361 44
1424609732154 45
1424609792919 46
1424609853663 17
1424609914444 17
1424609975278 14
1424610036038 15
1424610096805 16
1424610157531 18
1424610218212 15
1424610279064 39
1424610339882 18
1424610400619 14
1424610461378 15
1424610522058 14
1424610582809 15
1424610643568 18
1424610704376 44
1424610765085 45
1424610825903 45
1424610886673 43
1424610947468 44
1424611008337 29
1424611069253 17
1424611129960 16
1424611190723 17
1424611251459 17
1424611312303 16
1424611373018 14
1424611433776 15
1424611494791 16
1424611555492 65
1424611616278 19
1424611677133 16
1424611737896 16
1424611798662 16
1424611859392 46
1424611920290 44
1424611981205 43
1424612041928 44
1424612102776 17
1424612163490 17
1424612224305 13
1424612285148 17
1424612345883 24
1424612406688 17
1424612467490 16
1424612528235 16
1424612589014 18
1424612649754 16
1424612710560 18
1424612771292 15
1424612832050 15
1424612892876 17
1424612953672 33
1424613014422 16
1424613075573 18
1424613136366 37
1424613197095 20
1424613257922 20
1424613318705 17
1424613379573 17
1424613440432 17
1424613501186 15
1424613561943 14
1424613622645 14
1424613683405 15
1424613744207 1380
1424613806300 15
1424613867058 14
1424613927782 18
1424613988574 15
1424614049407 27
1424614110151 17
1424614170914 14
1424614231675 13
1424614292464 16
1424614353227 14
1424614413977 14
1424614474717 16
1424614535500 14
1424614596299 15
1424614657030 16
1424614717750 14
1424614778483 14
1424614839276 19
1424614900178 17
1424614960954 17
1424615021810 16
1424615082648 20
1424615143465 17
1424615204237 17
1424615265116 18
1424615325900 19
1424615386809 18
1424615447598 17
1424615508336 17
1424615569010 18
1424615629744 15
1424615690628 14
1424615751384 12
1424615812085 19
1424615872799 19
1424615933521 61
1424615994440 16
1424616055234 16
1424616115924 15
1424616176658 17
1424616237334 14
1424616298165 15
1424616358964 16
1424616419755 90
1424616480584 17
1424616541305 15
1424616602313 16
1424616663087 17
1424616723826 17
1424616784599 17
1424616845403 16
1424616906276 16
1424616967045 17
1424617027784 20
1424617088628 17
1424617149308 20
1424617210215 18
1424617271126 17
1424617331909 18
1424617392677 17
1424617453414 16
1424617514328 17
1424617575249 15
1424617636007 15
1424617696685 16
1424617757383 17
1424617818177 14
1424617878922 15
1424617939657 15
1424618000383 15
1424618061149 16
1424618121896 17
1424618182640 15
1424618243322 18
1424618304088 15
1424618364865 16
1424618425602 16
1424618486516 19
1424618547297 17
1424618608080 18
1424618668865 16
1424618729647 17
1424618790437 18
1424618851243 15
1424618911945 16
1424618972713 16
1424619033442 18
1424619094294 17
1424619155073 15
1424619215870 14
1424619276597 14
1424619337352 16
1424619398177 13
1424619459510 14
1424619520282 17
1424619581067 26
1424619641912 16
1424619702719 43
1424619763482 17
1424619824246 45
1424619885014 44
1424619945896 45
1424620006690 42
1424620067521 16
1424620128266 15
1424620189056 14
1424620249857 16
1424620310610 16
1424620371341 17
1424620432099 15
1424620492867 17
1424620553695 14
1424620614492 13
1424620675227 17
1424620735958 17
1424620796691 13
1424620857518 45
1424620918384 60
1424620979192 58
1424621040002 62
1424621100846 43
1424621161652 44
1424621222477 17
1424621283310 14
1424621344052 17
1424621404753 14
1424621465485 17
1424621526333 15
1424621587196 44
1424621647960 18
1424621708641 15
1424621769472 18
1424621830291 16
1424621891135 16
1424621951936 16
1424622012642 17
1424622073375 16
1424622134104 15
1424622194829 17
1424622255768 16
1424622316531 15
1424622377302 17
1424622438012 20
1424622498797 18
1424622559682 17
1424622620504 17
1424622681216 17
1424622741975 16
1424622802715 15
1424622863596 15
1424622924387 20
1424622985192 15
1424623045923 17
1424623106709 17
1424623167648 16
1424623228466 15
1424623289218 15
1424623349956 13
1424623410698 34
1424623471511 17
1424623532375 17
1424623593107 17
1424623653866 15
1424623714663 18
1424623775921 14
1424623836738 17
1424623897422 18
1424623958242 19
1424624019079 18
1424624079838 20
1424624140663 19
1424624201347 20
1424624262255 20
1424624323031 18
1424624383840 16
1424624444521 21
1424624505342 19
1424624566135 18
1424624626982 16
1424624687772 19
1424624748550 15
1424624809382 16
1424624870229 16
1424624930935 15
1424624991720 17
1424625052460 15
1424625113234 16
1424625174082 15
1424625234810 17
1424625295730 17
1424625356524 18
1424625417237 19
1424625478064 20
1424625538801 16
1424625599602 15
1424625660404 15
1424625721195 16
1424625781965 15
1424625842720 15
1424625903512 17
1424625964345 15
1424626025193 19
1424626086080 22
1424626146821 17
1424626207529 21
1424626268313 15
1424626329026 20
1424626389896 17
1424626450761 17
1424626511446 17
1424626572243 15
1424626633021 19
1424626693832 17
1424626754587 15
1424626815411 18
1424626876355 18
1424626937179 16
1424626998033 13
1424627058787 14
1424627119531 43
1424627180388 16
1424627241145 16
1424627301929 17
1424627362626 15
1424627423324 19
1424627484243 22
1424627545001 19
1424627605773 17
1424627666493 17
1424627727187 17
1424627787986 17
1424627848790 14
1424627909554 16
1424627970345 16
1424628031067 19
1424628091906 19
1424628152710 14
1424628213525 16
1424628274270 17
1424628335010 16
1424628395872 18
1424628456671 18
1424628517495 16
1424628578201 16
1424628638944 18
1424628699661 16
1424628760459 18
1424628821278 15
1424628881994 15
1424628942775 18
1424629003479 19
1424629064357 17
1424629125098 19
1424629185924 16
1424629246657 17
1424629307487 15
1424629368371 17
1424629429194 16
1424629489908 16
1424629550744 15
1424629611542 16
1424629672320 43
1424629733159 15
1424629793950 18
1424629854686 19
1424629915503 19
1424629976452 48
1424630037260 18
1424630098003 17
1424630158786 18
1424630219578 20
1424630280449 17
1424630341205 16
1424630401937 22
1424630462739 17
1424630523472 16
1424630584305 30
1424630645078 18
1424630705850 20
1424630766641 15
1424630827409 12
1424630888194 26
1424630949016 16
1424631009753 17
1424631070502 16
1424631131328 16
1424631192189 17
1424631252970 16
1424631313706 19
1424631374485 20
1424631435164 15
1424631496028 15
1424631556711 17
1424631617494 18
1424631678274 14
1424631739007 16
1424631799850 53
1424631860664 20
1424631921423 20
1424631982193 21
1424632042934 19
1424632103735 16
1424632164595 18
1424632225422 20
1424632286172 16
1424632346879 16
1424632407703 16
1424632468444 18
1424632529173 16
1424632590041 19
1424632650758 19
1424632711547 19
1424632772377 18
1424632833274 15
1424632894094 16
1424632954885 18
1424633015621 17
1424633076328 14
1424633137061 16
1424633197862 18
1424633258688 20
1424633319437 15
1424633380176 19
1424633441021 16
1424633501741 27
1424633562546 18
1424633623360 19
1424633684182 15
1424633744927 16
1424633805671 19
1424633866543 16
1424633927387 18
1424633988167 16
1424634048949 15
1424634109685 16
1424634170488 17
1424634232350 15
1424634293143 16
1424634353900 19
1424634414639 16
1424634475500 17
1424634536268 16
1424634597091 16
1424634657981 22
1424634718698 16
1424634779395 16
1424634840097 18
1424634900868 17
1424634961757 16
1424635022584 16
1424635083467 60
1424635144318 16
1424635205162 16
1424635266000 21
1424635326753 18
1424635387573 17
1424635448385 16
1424635509200 23
1424635570029 19
1424635630764 18
1424635691601 20
1424635752390 47
1424635813234 19
1424635874148 17
1424635934921 44
1424635995771 46
1424636056610 47
1424636117460 46
1424636178344 43
1424636239101 44
1424636299901 44
1424636360794 17
1424636421589 17
1424636482311 17
1424636543018 16
1424636603738 18
1424636664507 16
1424636725389 19
1424636786246 17
1424636846991 20
1424636907710 16
1424636968475 15
1424637029252 17
1424637090079 18
1424637150802 15
1424637211568 132
1424637272435 44
1424637333245 48
1424637394143 45
1424637454999 43
1424637516178 19
1424637576910 18
1424637637781 20
1424637698584 16
1424637759537 17
1424637820221 18
1424637880967 22
1424637941755 17
1424638002604 20
1424638063357 16
1424638124056 16
1424638184801 18
1424638245628 18
1424638306472 17
1424638367226 43
1424638428246 43
1424638488973 49
1424638549819 18
1424638610603 17
1424638671433 15
1424638732244 21
1424638793012 97
1424638853862 15
1424638914689 15
1424638975546 15
1424639036384 15
1424639097223 19
1424639157964 18
1424639218772 18
1424639279582 17
1424639340426 16
1424639401150 18
1424639461902 18
1424639522752 18
1424639583633 19
1424639644377 16
1424639705111 21
1424639765797 16
1424639826675 17
1424639887579 16
1424639948298 16
1424640009063 16
1424640069769 16
1424640130857 15
1424640191706 15
1424640252521 16
1424640313252 14
1424640374067 16
1424640434914 15
1424640495765 17
1424640556518 18
1424640617226 16
1424640677926 18
1424640738687 15
1424640799476 16
1424640860216 16
1424640920926 39
1424640981692 18
1424641042478 20
1424641103282 16
1424641164063 18
1424641224916 17
1424641285779 15
1424641346540 15
1424641407501 16
1424641468227 16
1424641529247 15
1424641589981 17
1424641650698 16
1424641711534 17
1424641772292 17
1424641833121 16
1424641893920 17
1424641954689 16
1424642015405 17
1424642076147 17
1424642136951 18
1424642197754 15
1424642258574 18
1424642319313 17
1424642380022 16
1424642440828 18
1424642501634 19
1424642562355 19
1424642623069 20
1424642683838 18
1424642744636 18
1424642805502 17
1424642866279 16
1424642927044 18
1424642987817 16
1424643048561 16
1424643109352 15
1424643170205 16
1424643230940 18
1424643291678 28
1424643352426 19
1424643413251 22
1424643474127 18
1424643534836 18
1424643595512 112
1424643656345 16
1424643717077 16
1424643777976 20
1424643838814 22
1424643899534 20
1424643960308 15
1424644021078 17
1424644081953 19
1424644142775 18
1424644203568 18
1424644264309 15
1424644325070 19
1424644385879 20
1424644446706 18
1424644507469 20
1424644568229 18
1424644628987 18
1424644689840 16
1424644750624 18
1424644811368 18
1424644872110 12
1424644932856 19
1424644993692 16
1424645054450 14
1424645115151 15
1424645175956 14
1424645236682 15
1424645297533 14
1424645358419 16
1424645419210 10
1424645479934 12
1424645540654 14
1424645601451 14
1424645662272 16
1424645723127 16
1424645783800 15
1424645844634 14
1424645905487 14
1424645966282 16
1424646026997 15
1424646087755 15
1424646148496 18
1424646211063 14
1424646271861 15
1424646332653 16
1424646393401 16
1424646454199 16
1424646514961 41
1424646575743 13
1424646636473 12
1424646697271 15
1424646757991 42
1424646818771 43
1424646879567 44
1424646940397 44
1424647001147 43
1424647062011 43
1424647122811 43
1424647183709 117
1424647244572 17
1424647305362 15
1424647366126 17
1424647426862 15
1424647487592 16
1424647548520 16
1424647609365 16
1424647670060 16
1424647730836 17
1424647791688 14
1424647852457 13
1424647913312 43
1424647974178 45
1424648034949 15
1424648095679 78
1424648156526 14
1424648217315 19
1424648278100 49
1424648338890 14
1424648399660 15
1424648460459 14
1424648521227 14
1424648582016 16
1424648642769 18
1424648703486 14
1424648764248 13
1424648825122 15
1424648885983 15
1424648946757 16
1424649007457 13
1424649068177 13
1424649129063 18
1424649189861 15
1424649250650 22
1424649311412 16
1424649372203 14
1424649433136 15
1424649493936 17
1424649554645 16
1424649615443 16
1424649676207 14
1424649737072 15
1424649797774 16
1424649858562 18
1424649919392 14
1424649980090 15
1424650041012 15
1424650101783 17
1424650162571 16
1424650223440 14
1424650284186 15
1424650345064 15
1424650405909 16
1424650466665 20
1424650527527 16
1424650588355 17
1424650649245 16
1424650710044 15
1424650770717 17
1424650831509 15
1424650892283 15
1424650953141 24
1424651013904 15
1424651074615 20
1424651135471 16
1424651196270 16
1424651257100 18
1424651317915 13
1424651378677 16
1424651439408 67
1424651500175 16
1424651561079 15
1424651621897 15
1424651682759 22
1424651743529 15
1424651804197 15
1424651864946 16
1424651925825 16
1424651986669 16
1424652047436 59
1424652108244 15
1424652168953 14
1424652229849 15
1424652290765 15
1424652351527 15
1424652412254 16
1424652472986 15
1424652533717 14
1424652594577 17
1424652655473 16
1424652716260 16
1424652777036 15
1424652837735 14
1424652898578 15
1424652959394 16
1424653020147 17
1424653080896 20
1424653141711 16
1424653202562 16
1424653263330 14
1424653324207 15
1424653384988 15
1424653445737 16
1424653506509 15
1424653567323 17
1424653628156 16
1424653688897 17
1424653749645 20
1424653810496 44
1424653871289 44
1424653932209 45
1424653993024 43
1424654053875 45
1424654114715 14
1424654175528 15
1424654236331 13
1424654297142 17
1424654357922 18
1424654418791 28
1424654479544 18
1424654541848 15
1424654602663 16
1424654663465 16
1424654724276 13
1424654785043 17
1424654845773 42
1424654906615 44
1424654967417 47
1424655028392 46
1424655089192 16
1424655149940 20
1424655210835 15
1424655271598 16
1424655332460 16
1424655393271 15
1424655454101 17
1424655514864 14
1424655575566 84
1424655636773 79
1424655697987 88
1424655758797 79
1424655819604 85
1424655880392 15
1424655941234 16
1424656002068 13
1424656062874 41
1424656123741 16
1424656184506 16
1424656245309 12
1424656306096 13
1424656366955 15
1424656427793 13
1424656488542 15
1424656549234 13
1424656610017 13
1424656670812 13
1424656731641 13
1424656792451 14
1424656853121 15
1424656913860 15
1424656974693 12
1424657035549 14
1424657096413 48
1424657157269 11
1424657218197 13
1424657279129 15
1424657339947 16
1424657400768 14
1424657461621 15
1424657522331 14
1424657583276 18
1424657644072 13
1424657704984 15
1424657765916 14
1424657826629 15
1424657887459 13
1424657948348 14
1424658009148 13
1424658070030 15
1424658130955 13
1424658191875 14
1424658252572 14
1424658313544 16
1424658375269 14
1424658437363 13
1424658498972 14
1424658559885 71
1424658620722 13
1424658681522 15
1424658742284 14
1424658803133 16
1424658863923 20
1424658924964 18
1424658985758 13
1424659046458 12
1424659107332 14
1424659168044 16
1424659228823 15
1424659289584 14
1424659350249 13
1424659411048 13
1424659471795 10
1424659532580 12
1424659593388 13
1424659654193 15
1424659714981 14
1424659775854 16
1424659836619 14
1424659897447 16
1424659958189 14
1424660018934 24
1424660079816 15
1424660140591 21
1424660201368 14
1424660262146 15
1424660322988 20
1424660383772 17
1424660444588 17
1424660505393 15
1424660566088 45
1424660626858 14
1424660687685 12
1424660748496 14
1424660809252 22
1424660869987 15
1424660930864 16
1424660991699 48
1424661052639 13
1424661113411 14
1424661174153 17
1424661234891 14
1424661295627 15
1424661356480 14
1424661417343 15
1424661478086 21
1424661538825 18
1424661599564 17
1424661660382 20
1424661721309 16
1424661782066 14
1424661842783 15
1424661903471 15
1424661964271 11
1424662025128 15
1424662085927 23
1424662146727 15
1424662207482 14
1424662268314 22
1424662329118 44
1424662389961 40
1424662451713 41
1424662512414 15
1424662573205 20
1424662634135 13
1424662694917 24
1424662755681 13
1424662816384 16
1424662877129 15
1424662937962 17
1424662998679 16
1424663059446 15
1424663120200 14
1424663180962 14
1424663241727 43
1424663302515 42
1424663363233 42
1424663423986 42
1424663484889 44
1424663545746 43
1424663606567 44
1424663667368 18
1424663728191 17
1424663788980 44
1424663849854 16
1424663910793 15
1424663971582 16
1424664032425 13
1424664093216 16
1424664153957 14
1424664214783 15
1424664275530 16
1424664336349 16
1424664397113 42
1424664457926 41
1424664518808 41
1424664579653 42
1424664640528 43
1424664701273 16
1424664762008 15
1424664822879 14
1424664883717 15
1424664944494 16
1424665005206 17
1424665065991 16
1424665126763 16
1424665187520 14
1424665248337 15
1424665309116 16
1424665369837 16
1424665430599 18
1424665491367 24
1424665552164 101
1424665613016 22
1424665673821 14
1424665734620 17
1424665795391 16
1424665856258 15
1424665917074 16
1424665977843 16
1424666038646 15
1424666099376 18
1424666160112 16
1424666220984 16
1424666281789 14
1424666342569 16
1424666403294 15
1424666464052 13
1424666524886 13
1424666585650 21
1424666646455 18
1424666707234 26
1424666767992 16
1424666828859 14
1424666889696 16
1424666951030 16
1424667011770 17
1424667072463 14
1424667133306 18
1424667194145 15
1424667254928 17
1424667315707 15
1424667376464 17
1424667437284 16
1424667498082 17
1424667558941 15
1424667619772 15
1424667680550 14
1424667741311 13
1424667802093 16
1424667862914 16
1424667923779 13
1424667984542 13
1424668045310 17
1424668106032 14
1424668166750 15
1424668227647 17
1424668288452 18
1424668349170 18
1424668409857 15
1424668470635 14
1424668531757 14
1424668592546 14
1424668653279 20
1424668714108 15
1424668774916 18
1424668835805 15
1424668896582 17
1424668957334 15
1424669018076 15
1424669078900 15
1424669139716 14
1424669200572 15
1424669261431 16
1424669322210 16
1424669383058 18
1424669443888 20
1424669504670 15
1424669565518 17
1424669626327 16
1424669687096 14
1424669747870 16
1424669808605 16
1424669869397 13
1424669930220 18
1424669990995 18
1424670051737 13
1424670112404 16
1424670173111 17
1424670233970 29
1424670294718 15
1424670355508 15
1424670416275 15
1424670477108 17
1424670537867 15
1424670598661 18
1424670659456 17
1424670720276 16
1424670781100 19
1424670841991 15
1424670902796 15
1424670963573 15
1424671024277 14
1424671085060 15
1424671145913 17
1424671206688 14
1424671267418 55
1424671328157 18
1424671388989 16
1424671449762 15
1424671510597 15
1424671571367 13
1424671632040 14
1424671692859 14
1424671753615 15
1424671814365 17
1424671875199 14
1424671935946 17
1424671996745 15
1424672057572 15
1424672118288 54
1424672179115 16
1424672239851 17
1424672300695 16
1424672361575 18
1424672422383 14
1424672483333 16
1424672544084 15
1424672604833 39
1424672665730 14
1424672726478 16
1424672787321 18
1424672848046 18
1424672908873 10
1424672969701 14
1424673030382 16
1424673091121 46
1424673151906 43
1424673212787 43
1424673273613 43
1424673334464 41
1424673395243 42
1424673456006 47
1424673516780 22
1424673577675 16
1424673638491 18
1424673699283 15
1424673759989 15
1424673820757 15
1424673881562 16
1424673942526 14
1424674003223 16
1424674063966 16
1424674124817 19
1424674185586 15
1424674246555 16
1424674307454 16
1424674368247 16
1424674429165 15
1424674489947 31
1424674550823 14
1424674611781 17
1424674672751 14
1424674733701 14
1424674794426 15
1424674855336 53
1424674916163 14
1424674976943 16
1424675037698 15
1424675098448 17
1424675159358 15
1424675220117 18
1424675280898 14
1424675341666 17
1424675402444 14
1424675463330 63
1424675524198 17
1424675584925 18
1424675645773 16
1424675706531 17
1424675767508 16
1424675828421 16
1424675889104 16
1424675949858 17
1424676010776 17
1424676071663 18
1424676132606 15
1424676193340 18
1424676254045 17
1424676314755 16
1424676375485 16
1424676436404 14
1424676497169 19
1424676557908 15
1424676618615 16
1424676679444 18
1424676740266 17
1424676801150 15
1424676861930 18
1424676922714 20
1424676983428 98
1424677044313 16
1424677105168 17
1424677165881 15
1424677226730 15
1424677287459 16
1424677348376 16
1424677409075 15
1424677469745 16
1424677530531 17
1424677591269 16
1424677652082 14
1424677712844 12
1424677773594 16
1424677834322 14
1424677895090 15
1424677955909 13
1424678016671 16
1424678077473 13
1424678138197 14
1424678198886 14
1424678259767 16
1424678320573 19
1424678381306 18
1424678442018 18
1424678502708 17
1424678563573 17
1424678624426 16
1424678685250 14
1424678746037 16
1424678806808 15
1424678867602 13
1424678928358 19
1424678989179 15
1424679049875 15
1424679110659 15
1424679171535 16
1424679232327 51
1424679293156 15
1424679353881 15
1424679414731 15
1424679475474 17
1424679536246 13
1424679597054 15
1424679657854 15
1424679718626 16
1424679779385 78
1424679840211 17
1424679901118 17
1424679961955 16
1424680022696 18
1424680083406 22
1424680144157 18
1424680204942 15
1424680265835 18
1424680326598 20
1424680387416 16
1424680448342 16
1424680509097 20
1424680569891 15
1424680630640 17
1424680691413 14
1424680752205 16
1424680812965 14
1424680873777 15
1424680934508 16
1424680995361 14
1424681056068 16
1424681116761 13
1424681177663 15
1424681238465 17
1424681299175 13
1424681359953 43
1424681420657 51
1424681481594 43
1424681542337 18
1424681603084 15
1424681663786 16
1424681724563 17
1424681785403 17
1424681846139 16
1424681906890 17
1424681967661 19
1424682028402 16
1424682089263 15
1424682150108 17
1424682210815 15
1424682271529 24
1424682332236 16
1424682393050 15
1424682453920 24
1424682514708 16
1424682575414 43
1424682636160 18
1424682697072 17
1424682757861 16
1424682818592 16
1424682879380 20
1424682940190 18
1424683001017 14
1424683061815 19
1424683122558 17
1424683183237 14
1424683244000 17
1424683305118 17
1424683365877 13
1424683426671 16
1424683487381 14
1424683548084 17
1424683608914 17
1424683669729 14
1424683730503 16
1424683791211 14
1424683851964 23
1424683912728 16
1424683973507 17
1424684034300 14
1424684095033 16
1424684155709 15
1424684216495 19
1424684277392 28
1424684338122 12
1424684398912 14
1424684459633 12
1424684520327 13
1424684581153 27
1424684641925 12
1424684702593 13
1424684763298 14
1424684824004 10
1424684884910 14
1424684945728 16
1424685006455 15
1424685067126 14
1424685127866 12
1424685188610 13
1424685249435 13
1424685310159 14
1424685371133 11
1424685431819 13
1424685492718 12
1424685553517 12
1424685614316 16
1424685675058 13
1424685735821 12
1424685796538 14
1424685857426 14
1424685918219 15
1424685979281 14
1424686040031 13
1424686100762 11
1424686161504 10
1424686222252 16
1424686283113 16
1424686343852 15
1424686404613 14
1424686465551 14
1424686526343 12
1424686587177 14
1424686647933 14
1424686708686 14
1424686769448 14
1424686830267 13
1424686891018 13
1424686951853 12
1424687012551 19
1424687073291 14
1424687134064 14
1424687194765 11
1424687255545 10
1424687316300 10
1424687377014 13
1424687437867 16
1424687498623 13
1424687559428 14
1424687620223 63
1424687681026 14
1424687741719 48
1424687802427 17
1424687863210 13
1424687924051 12
1424687984893 18
1424688045644 17
1424688106472 12
1424688167213 15
1424688228028 16
1424688288853 77
1424688349672 12
1424688410737 14
1424688471468 14
1424688532209 16
1424688592981 13
1424688653782 14
1424688714617 16
1424688775322 21
1424688836026 19
1424688896869 13
1424688957620 26
1424689018403 19
1424689079122 12
1424689139866 15
1424689200712 13
1424689261567 19
1424689322337 12
1424689383123 13
1424689443868 20
1424689504715 13
1424689565478 15
1424689626191 15
1424689686966 82
1424689747800 13
1424689808593 13
1424689869434 16
1424689930214 42
1424689990989 42
1424690051712 41
1424690112488 41
1424690173398 42
1424690234261 40
1424690294987 42
1424690355735 40
1424690416511 13
1424690477347 15
1424690538124 13
1424690598850 12
1424690659584 14
1424690720362 14
1424690781214 14
1424690841949 12
1424690902680 17
1424690963440 16
1424691024214 12
1424691085029 8
1424691145800 45
1424691206532 43
1424691267280 42
1424691327989 43
1424691388864 96
1424691449909 43
1424691510828 14
1424691571749 15
1424691632476 14
1424691693212 12
1424691754173 15
1424691815019 13
1424691875819 19
1424691936607 14
1424691997346 13
1424692058206 15
1424692119069 14
1424692179953 16
1424692240751 15
1424692301437 14
1424692362177 10
1424692423043 20
1424692483993 15
1424692544836 22
1424692605630 14
1424692666437 14
1424692727340 14
1424692788266 15
1424692849009 13
1424692909824 14
1424692970579 14
1424693031385 15
1424693092246 15
1424693153007 14
1424693213700 14
1424693274428 11
1424693335344 12
1424693396175 13
1424693456932 15
1424693517688 12
1424693578385 14
1424693639122 13
1424693699988 15
1424693760847 15
1424693821662 12
1424693882356 14
1424693943053 15
1424694003797 14
1424694064656 18
1424694125377 14
1424694186069 13
1424694246839 14
1424694307650 17
1424694368472 13
1424694429229 13
1424694490010 16
1424694550778 15
1424694611494 58
1424694672341 11
1424694733225 14
1424694793986 15
1424694854701 64
1424694916507 13
1424694977227 13
1424695038035 58
1424695098926 17
1424695159723 13
1424695220420 14
1424695281188 15
1424695342095 16
1424695402905 15
1424695463662 17
1424695524417 13
1424695585329 13
1424695646240 12
1424695707022 15
1424695767780 14
1424695828452 13
1424695889206 13
1424695949962 18
1424696010701 13
1424696071398 13
1424696132119 13
1424696192827 13
1424696253630 13
1424696314353 14
1424696375109 13
1424696435795 14
1424696496494 15
1424696557287 13
1424696617986 13
1424696678845 14
1424696739629 13
1424696800388 15
1424696861198 13
1424696921973 13
1424696982752 15
1424697043598 16
1424697104356 15
1424697165136 20
1424697225918 18
1424697286721 13
1424697347488 16
1424697408407 15
1424697469255 13
1424697530021 12
1424697590738 14
1424697651429 13
1424697712189 16
1424697772925 14
1424697833749 14
1424697894479 76
1424697955262 13
1424698016031 13
1424698076902 15
1424698137730 18
1424698198492 44
1424698259242 13
1424698319952 15
1424698380673 15
1424698441538 14
1424698502269 13
1424698563060 12
1424698623769 12
1424698684515 16
1424698745417 14
1424698806173 67
1424698866920 15
1424698927707 13
1424698988425 17
1424699049351 15
1424699110061 12
1424699171010 16
1424699231851 15
1424699292655 13
1424699353561 16
1424699414353 16
1424699475062 16
1424699535800 15
1424699596592 14
1424699657345 14
1424699718196 47
1424699779127 12
1424699839858 14
1424699900607 31
1424699961416 15
1424700022177 13
1424700083008 12
1424700143798 12
1424700204549 42
1424700265456 14
1424700326290 14
1424700387047 15
1424700447838 15
1424700508542 12
1424700569303 13
1424700630109 14
1424700690899 14
1424700751792 14
1424700812543 15
1424700873306 13
1424700933987 15
1424700994809 15
1424701055874 14
1424701116690 20
1424701177375 16
1424701238109 13
1424701298813 16
1424701359611 15
1424701420452 14
1424701481181 18
1424701541943 69
1424701602815 13
1424701663563 17
1424701724438 14
1424701785161 14
1424701845884 17
1424701906699 13
1424701967406 13
1424702028274 15
1424702089122 17
1424702149794 12
1424702210547 15
1424702271272 48
1424702332028 14
1424702392880 11
1424702453636 18
1424702514394 14
1424702575081 16
1424702635887 13
1424702696608 14
1424702757363 16
1424702818128 14
1424702878867 15
1424702939666 13
1424703000351 13
1424703061090 14
1424703121989 14
1424703182754 14
1424703243584 23
1424703304440 16
1424703365182 67
1424703426045 16
1424703486777 13
1424703547643 17
1424703608422 16
1424703669098 14
1424703729832 14
1424703790525 80
1424703851409 15
1424703912127 12
1424703972878 13
1424704033626 18
1424704094348 12
1424704155186 16
1424704215934 15
1424704276704 15
1424704337433 14
1424704398136 14
1424704458942 7104
1424704526699 17
1424704587433 15
1424704648217 15
1424704708931 20
1424704770155 14
1424704830874 14
1424704891724 53
1424704952523 16
1424705013275 17
1424705074187 15
1424705135010 15
1424705195711 15
1424705256443 16
1424705317224 13
1424705378063 14
1424705438816 16
1424705499594 15
1424705560336 15
1424705621037 16
1424705681805 15
1424705742676 14
1424705803461 15
1424705864261 14
1424705925012 155
1424705986175 103
1424706047021 101
1424706107932 15
1424706168710 15
1424706229652 64
1424706290464 13
1424706351238 15
1424706411998 15
1424706474272 14
1424706535045 14
1424706595730 14
1424706656541 17
1424706717262 14
1424706777999 62
1424706838824 40
1424706899578 43
1424706960520 50
1424707021286 51
1424707082091 43
1424707142869 64
1424707203753 18
1424707264963 52
1424707325730 15
1424707386481 14
1424707447208 14
1424707507902 16
1424707568741 12
1424707629555 14
1424707690510 14
1424707751264 13
1424707812037 10
1424707872890 12
1424707933635 41
1424707994403 41
1424708055175 41
1424708115902 41
1424708176705 43
1424708237530 13
1424708298301 25
1424708359070 15
1424708419799 13
1424708480644 52
1424708541538 15
1424708602384 16
1424708663137 15
1424708723826 15
1424708784630 14
1424708845387 13
1424708906221 14
1424708966944 12
1424709027638 14
1424709088450 19
1424709149274 63
1424709210095 13
1424709270861 15
1424709331629 13
1424709392358 14
1424709453121 14
1424709513980 14
1424709574770 13
1424709635530 14
1424709696232 14
1424709757044 15
1424709817862 14
1424709878676 16
1424709939445 16
1424710000143 16
1424710060907 17
1424710121702 15
1424710182479 15
1424710243266 15
1424710304032 14
1424710364872 17
1424710425675 19
1424710486458 13
1424710547277 14
1424710608019 16
1424710668769 15
1424710729551 13
1424710790272 15
1424710851010 13
1424710911828 15
1424710972517 15
1424711033354 17
1424711094049 16
1424711154805 16
1424711215731 58
1424711276527 16
1424711337268 16
1424711397979 20
1424711458778 14
1424711519639 16
1424711580495 16
1424711641248 16
1424711701930 13
1424711762675 21
1424711823542 15
1424711884357 15
1424711945057 14
1424712005864 16
1424712066535 16
1424712127278 19
1424712188077 13
1424712248925 12
1424712309676 15
1424712370509 47
1424712431345 23
1424712492220 14
1424712552962 14
1424712613692 19
1424712674408 13
1424712735136 15
1424712795926 14
1424712856694 16
1424712917433 13
1424712978256 15
1424713039017 14
1424713099761 14
1424713160584 15
1424713221436 101
1424713282370 15
1424713343160 14
1424713403870 13
1424713464606 16
1424713525335 14
1424713586074 15
1424713646813 69
1424713707672 14
1424713768435 18
1424713829198 14
1424713889990 13
1424713950816 13
1424714011542 13
1424714072203 13
1424714132992 13
1424714193789 36
1424714254594 14
1424714315360 16
1424714376064 17
1424714436837 13
1424714497822 71
1424714558630 14
1424714619346 15
1424714680107 13
1424714740988 30
1424714801922 16
1424714862676 15
1424714923353 14
1424714984289 17
1424715045140 16
1424715105948 18
1424715166727 16
1424715227474 15
1424715288293 17
1424715349133 16
1424715409840 28
1424715470681 15
1424715531416 15
1424715592233 14
1424715652957 13
1424715713682 13
1424715774506 14
1424715835270 13
1424715896041 16
1424715956782 13
1424716017536 18
1424716078413 14
1424716139198 14
1424716199964 16
1424716260677 13
1424716321501 15
1424716382367 14
1424716443137 15
1424716503885 15
1424716564705 14
1424716625989 18
1424716686847 14
1424716747617 14
1424716808337 14
1424716869039 15
1424716929748 12
1424716990507 18
1424717051319 13
1424717112118 14
1424717172840 13
1424717233538 15
1424717294271 14
1424717355062 14
1424717415790 16
1424717476589 15
1424717537366 14
1424717598182 16
1424717659093 16
1424717719828 14
1424717780586 16
1424717841340 17
1424717902079 14
1424717962882 13
1424718023664 15
1424718084425 17
1424718145165 16
1424718205915 14
1424718266772 14
1424718327567 15
1424718388389 17
1424718449077 40
1424718509809 19
1424718570597 21
1424718631392 14
1424718692171 13
1424718752894 14
1424718813558 19
1424718874333 15
1424718935086 14
1424718995816 13
1424719056640 15
1424719117308 18
1424719178059 16
1424719239898 15
1424719300771 13
1424719361531 12
1424719422304 12
1424719483019 15
1424719543930 19
1424719604816 17
1424719665580 1217
1424719727603 20
1424719788430 16
1424719849208 18
1424719910064 15
1424719970801 17
1424720031561 16
1424720092299 34
1424720153156 14
1424720213918 14
1424720274693 14
1424720335412 63
1424720396162 13
1424720456908 16
1424720517662 13
1424720578512 13
1424720639237 13
1424720699975 14
1424720760784 13
1424720821675 14
1424720882459 40
1424720943251 15
1424721004061 16
1424721064849 14
1424721125693 15
1424721186485 35
1424721247210 13
1424721308016 14
1424721368745 15
1424721429531 18
1424721490305 14
1424721551039 15
1424721611881 15
1424721675493 12
1424721736259 12
1424721796989 17
1424721857707 16
1424721918525 14
1424721979325 17
1424722040043 14
1424722100896 14
1424722161649 14
1424722222521 14
1424722283193 14
1424722343975 13
1424722404761 16
1424722465523 13
1424722526365 15
1424722587097 15
1424722647857 15
1424722708770 11
1424722769595 14
1424722830477 42
1424722891235 41
1424722952113 44
1424723012965 44
1424723073852 42
1424723134666 40
1424723195539 42
1424723256319 14
1424723317068 13
1424723377858 15
1424723438677 17
1424723499486 24
1424723560246 16
1424723621019 14
1424723681859 14
1424723742691 14
1424723803430 14
1424723864138 15
1424723924852 13
1424723985607 12
1424724046371 43
1424724107166 42
1424724167870 41
1424724228654 40
1424724289591 46
1424724350446 41
1424724411225 16
1424724471992 14
1424724532779 13
1424724593570 14
1424724654340 16
1424724715234 16
1424724775965 13
1424724836674 16
1424724897467 14
1424724958132 14
1424725018980 16
1424725079738 12
1424725140559 11
1424725201290 42
1424725262101 42
1424725322976 43
1424725383769 45
1424725444670 43
1424725505401 14
1424725566811 17
1424725627674 19
1424725688511 17
1424725749407 14
1424725810234 14
1424725870964 15
1424725931797 60
1424725992850 15
1424726053639 15
1424726114422 17
1424726175285 16
1424726236101 19
1424726297034 15
1424726357860 42
1424726418647 20
1424726479510 15
1424726540269 17
1424726601228 15
1424726661950 17
1424726722695 14
1424726783543 19
1424726844317 21
1424726905274 15
1424726966043 15
1424727026806 13
1424727087501 14
1424727148295 13
1424727209091 13
1424727269930 14
1424727330723 16
1424727391451 14
1424727452257 16
1424727513259 15
1424727575268 15
1424727643419 18
1424727761422 16
1424727916620 14
1424728015385 14
1424728105554 14
1424728184782 16
1424728265887 12
1424728344525 18
1424728420787 57
1424728495204 13
1424728563871 11
1424728630827 13
1424728697480 13
1424728774823 12
1424728845658 14
1424728914527 12
1424728975545 12
1424729036215 16
1424729096988 13
1424729157914 13
1424729231488 11
1424729300139 15
1424729360946 15
1424729421674 39
1424729482642 21
1424729543472 12
1424729604259 13
1424729665038 18
1424729725782 13
1424729786714 20
1424729847558 18
1424729908342 14
1424729969089 12
1424730029844 12
1424730090616 44
1424730151468 41
1424730212291 43
1424730273036 48
1424730333906 44
1424730394627 45
1424730455417 44
1424730516269 43
1424730577080 16
1424730637909 13
1424730698635 14
1424730759403 14
1424730820196 18
1424730881112 15
1424730941867 110
1424731002993 19
1424731064019 17
1424731124984 16
1424731185857 17
1424731246718 45
1424731307515 127
1424731368332 42
1424731429469 40
1424731490304 15
1424731551167 13
1424731611844 14
1424731672591 15
1424731733398 14
1424731794186 14
1424731855032 16
1424731915886 15
1424731976687 14
1424732037450 14
1424732098210 14
1424732159037 12
1424732219744 13
1424732280616 11
1424732341411 14
1424732402281 15
1424732463075 14
1424732523832 15
1424732584701 17
1424732645421 15
1424732706218 16
1424732767048 14
1424732827864 16
1424732888801 14
1424732949620 13
1424733010548 16
1424733071378 14
1424733132136 16
1424733192884 14
1424733253797 14
1424733314576 21
1424733375444 70
1424733436302 16
1424733497077 18
1424733557949 17
1424733618708 19
1424733679625 16
1424733740389 16
1424733801228 16
1424733861966 22
1424733922775 16
1424733983631 16
1424734044426 14
1424734105219 14
1424734165889 14
1424734226814 13
1424734287553 15
1424734348305 13
1424734409084 13
1424734469945 15
1424734530758 46
1424734591531 15
1424734652404 12
1424734713309 51
1424734774106 74
1424734834981 15
1424734895681 13
1424734956571 13
1424735017477 16
1424735078434 15
1424735139205 14
1424735200008 14
1424735260958 55
1424735321926 14
1424735382730 16
1424735443454 15
1424735504233 16
1424735565127 16
1424735625967 14
1424735686864 15
1424735747647 15
1424735808363 18
1424735869298 15
1424735930310 17
1424735991216 13
1424736051936 16
1424736112623 18
1424736173473 15
1424736234436 15
1424736295413 14
1424736356140 14
1424736416950 15
1424736477736 21
1424736538580 14
1424736599439 12
1424736660282 15
1424736721046 14
1424736781809 12
1424736842781 16
1424736903597 15
1424736964294 16
1424737025021 53
1424737085866 13
1424737146684 14
1424737207540 14
1424737268291 13
1424737329065 13
1424737389815 16
1424737450899 15
1424737511717 14
1424737572461 76
1424737633264 63
1424737694070 13
1424737754998 15
1424737815764 13
1424737876637 15
1424737937442 12
1424737998227 51
1424738059067 15
1424738119897 14
1424738180692 14
1424738241455 12
1424738302325 15
1424738363290 23
1424738424065 17
1424738484836 48
1424738545615 13
1424738606485 14
1424738667325 60
1424738728184 14
1424738788971 14
1424738849650 15
1424738910425 14
1424738971212 14
1424739032033 14
1424739092829 13
1424739153674 14
1424739214544 14
1424739275215 15
1424739336095 14
1424739396799 13
1424739457574 14
1424739518405 12
1424739579223 15
1424739640138 15
1424739701123 14
1424739761967 15
1424739822730 17
1424739883568 17
1424739944456 16
1424740005405 15
1424740066243 15
1424740127017 13
1424740187749 15
1424740248682 15
1424740309492 12
1424740370284 15
1424740431054 13
1424740491819 14
1424740552598 13
1424740613381 14
1424740674237 13
1424740735076 13
1424740795889 13
1424740858249 57
1424740919488 17
1424740980379 15
1424741041236 13
1424741102000 13
1424741162838 15
1424741223736 13
1424741284524 14
1424741345401 13
1424741406209 11
1424741467043 14
1424741527881 14
1424741588678 12
1424741649516 12
1424741710307 14
1424741771056 16
1424741831748 13
1424741892566 73
1424741953493 12
1424742014316 11
1424742075120 15
1424742135882 18
1424742196771 14
1424742257779 15
1424742318659 14
1424742379509 15
1424742440310 16
1424742501046 15
1424742561972 17
1424742622775 18
1424742683514 21
1424742744610 16
1424742805362 17
1424742866266 18
1424742927159 14
1424742987993 14
1424743048740 11
1424743109589 13
1424743170505 14
1424743231351 15
1424743292186 15
1424743353010 15
1424743413993 14
1424743474883 17
1424743535648 13
1424743596443 14
1424743657250 15
1424743718012 13
1424743778994 14
1424743839796 16
1424743900659 16
1424743961560 14
1424744022285 45
1424744083249 19
1424744144151 15
1424744204924 50
1424744265785 14
1424744326634 12
1424744387541 18
1424744448546 16
1424744509373 18
1424744570129 18
1424744630907 19
1424744691854 26
1424744752731 15
1424744813634 17
1424744874403 15
1424744935131 16
1424744995895 13
1424745056736 19
1424745117654 17
1424745178472 19
1424745239253 16
1424745300035 21
1424745360809 16
1424745421708 16
1424745482471 14
1424745543203 12
1424745603961 42
1424745664803 44
1424745725675 42
1424745786555 48
1424745847365 44
1424745908155 46
1424745969026 44
1424746029946 41
1424746090932 17
1424746151744 17
1424746212469 14
1424746273342 17
1424746334189 16
1424746395025 19
1424746455793 16
1424746516496 22
1424746577228 14
1424746638046 88
1424746698920 13
1424746759704 13
1424746820510 42
1424746881293 44
1424746942139 43
1424747002983 45
1424747063899 87
1424747124721 48
1424747185527 16
1424747246361 14
1424747307209 19
1424747368102 17
1424747429035 14
1424747489740 17
1424747550467 17
1424747611276 15
1424747671998 17
1424747732961 24
1424747793748 13
1424747854493 16
1424747915190 62
1424747976075 16
1424748036871 15
1424748097631 15
1424748158380 40
1424748219226 44
1424748280107 44
1424748340999 32
1424748401812 18
1424748462566 19
1424748523314 19
1424748584172 19
1424748645014 18
1424748705796 34
1424748766552 14
1424748827352 16
1424748888238 16
1424748949043 18
1424749009836 19
1424749070611 53
1424749131407 19
1424749192223 13
1424749253111 14
1424749313901 14
1424749374686 14
1424749435634 19
1424749496533 16
1424749557486 21
1424749618242 16
1424749679162 22
1424749739930 15
1424749800661 17
1424749861409 17
1424749922220 41
1424749983200 17
1424750043923 17
1424750104642 24
1424750165450 29
1424750226205 15
1424750287102 16
1424750347931 22
1424750408715 17
1424750469497 14
1424750530276 49
1424750591101 15
1424750651883 19
1424750712675 23
1424750773458 19
1424750834261 19
1424750895139 16
1424750955969 16
1424751016738 14
1424751077545 17
1424751138358 18
1424751199153 13
1424751259909 17
1424751320679 18
1424751381524 23
1424751442492 20
1424751503431 14
1424751564202 16
1424751624973 16
1424751685788 18
1424751746644 13
1424751807417 12
1424751868178 15
1424751928948 15
1424751989778 16
1424752050581 15
1424752111360 17
1424752172258 18
1424752233098 18
1424752293941 22
1424752354808 18
1424752415636 18
1424752476422 56
1424752537333 16
1424752598108 16
1424752658890 18
1424752719685 18
1424752780560 19
1424752841381 15
1424752902124 15
1424752962943 15
1424753023716 15
1424753084450 17
1424753145290 16
1424753206486 15
1424753267286 17
1424753328257 16
1424753388993 16
1424753449791 17
1424753510556 19
1424753571271 15
1424753632059 16
1424753692868 15
1424753753579 18
1424753814350 12
1424753875062 13
1424753935823 15
1424753996658 15
1424754057434 15
1424754118271 14
1424754179169 24
1424754239939 16
1424754300741 17
1424754361493 14
1424754422323 92
1424754486018 17
1424754546819 15
1424754607646 17
1424754668485 15
1424754729302 15
1424754790167 15
1424754851135 14
1424754911948 45
1424754972741 16
1424755033536 18
1424755094362 15
1424755155306 18
1424755216168 15
1424755276897 14
1424755337738 12
1424755398517 14
1424755459256 15
1424755520016 16
1424755580782 21
1424755641612 13
1424755702407 43
1424755763181 43
1424755823966 64
1424755884715 44
1424755945559 45
1424756006417 43
1424756067344 48
1424756128298 16
1424756189216 15
1424756250156 15
1424756311098 17
1424756372028 17
1424756432974 33
1424756493886 15
1424756554847 17
1424756615823 17
1424756676603 16
1424756737406 16
1424756798216 14
1424756859040 16
1424756919832 17
1424756980657 18
1424757041638 17
1424757102482 104
1424757163487 16
1424757224328 213
1424757285625 107
1424757346569 14
1424757407397 16
1424757468276 15
1424757529025 14
1424757589801 14
1424757650493 41
1424757711221 77
1424757772634 16
1424757833369 17
1424757894113 109
1424757954951 16
1424758015677 41
1424758076538 17
1424758137390 15
1424758198232 13
1424758259020 16
1424758319753 15
1424758380581 14
1424758441440 14
1424758502283 13
1424758563002 14
1424758623742 13
1424758684560 14
1424758745403 12
1424758806149 17
1424758866832 16
1424758927665 17
1424758988928 17
1424759049845 16
1424759110665 18
1424759171450 16
1424759232204 14
1424759293077 11
1424759354035 14
1424759414900 16
1424759475656 18
1424759536558 17
1424759597404 16
1424759658241 16
1424759719094 17
1424759779921 15
1424759840860 14
1424759901656 17
1424759962497 50
1424760023404 17
1424760084269 17
1424760145218 15
1424760205920 18
1424760266604 16
1424760327344 16
1424760388129 12
1424760448889 15
1424760509756 14
1424760570589 15
1424760631435 15
1424760692163 14
1424760752917 14
1424760813679 16
1424760874383 15
1424760935250 15
1424760996012 13
1424761056885 15
1424761117632 16
1424761178389 14
1424761239160 17
1424761299874 16
1424761360703 18
1424761421562 16
1424761482342 16
1424761543124 17
1424761603834 16
1424761664638 16
1424761725418 19
1424761786255 16
1424761847107 14
1424761907890 13
1424761968631 14
1424762029331 17
1424762090173 15
1424762151074 15
1424762211825 15
1424762272546 15
1424762333237 16
1424762394117 14
1424762454894 17
1424762515735 13
1424762576472 15
1424762637228 15
1424762698014 17
1424762758808 16
1424762819573 13
1424762880294 11
1424762941015 14
1424763001855 16
1424763062713 16
1424763123541 18
1424763184311 17
1424763245179 36
1424763305941 17
1424763366922 15
1424763427678 15
1424763488555 25
1424763549304 13
1424763610014 15
1424763670790 16
1424763731606 17
1424763792356 16
1424763853126 15
1424763913968 15
1424763974688 15
1424764035471 14
1424764096151 20
1424764156879 16
1424764217639 17
1424764278447 72
1424764339359 14
1424764400120 15
1424764460807 14
1424764521596 14
1424764582406 16
1424764643199 15
1424764704024 15
1424764764766 16
1424764825504 17
1424764886316 13
1424764947064 27
1424765007930 17
1424765068697 16
1424765129406 16
1424765190292 14
1424765251151 17
1424765311953 15
1424765372732 16
1424765433439 15
1424765494168 16
1424765554916 16
1424765615759 14
1424765676511 16
1424765737256 14
1424765798045 15
1424765858810 60
1424765919627 16
1424765980442 16
1424766041216 14
1424766101955 15
1424766162735 16
1424766223584 43
1424766284434 16
1424766345115 15
1424766405957 16
1424766466655 17
1424766527540 18
1424766588486 16
1424766649256 15
1424766709996 17
1424766770724 16
1424766831443 17
1424766892336 17
1424766953175 15
1424767013903 18
1424767074639 15
1424767135526 15
1424767196737 13
1424767257838 14
1424767318797 18
1424767379500 16
1424767440244 14
1424767501084 15
1424767561919 16
1424767622645 15
1424767683338 13
1424767744036 77
1424767804911 13
1424767865692 12
1424767926403 14
1424767987073 15
1424768047783 14
1424768108688 96
1424768169440 12
1424768230200 16
1424768291150 13
1424768351852 12
1424768412816 15
1424768473590 17
1424768534283 16
1424768595022 15
1424768655770 14
1424768716550 18
1424768777369 13
1424768838140 14
1424768898836 15
1424768959503 14
1424769020369 13
1424769081158 53
1424769141897 15
1424769202617 14
1424769263379 14
1424769324208 15
1424769385065 14
1424769445788 13
1424769506509 14
1424769567354 12
1424769628076 15
1424769688874 15
1424769749629 15
1424769810366 16
1424769871191 15
1424769932018 16
1424769992775 14
1424770053722 19
1424770114408 15
1424770175201 16
1424770235991 14
1424770296706 13
1424770357781 15
1424770418531 14
1424770479224 15
1424770539951 14
1424770600681 14
1424770661524 13
1424770722361 18
1424770783109 14
1424770843804 15
1424770904552 15
1424770965426 14
1424771026229 43
1424771087030 43
1424771147851 43
1424771208579 43
1424771269459 41
1424771330319 45
1424771391239 14
1424771451920 22
1424771512637 16
1424771573524 16
1424771634347 15
1424771695094 17
1424771755822 58
1424771816567 15
1424771877309 18
1424771938182 11
1424771998985 41
1424772059683 43
1424772120403 77
1424772181159 44
1424772242000 41
1424772302844 40
1424772363575 14
1424772424265 14
1424772484982 15
1424772545930 16
1424772606707 114
1424772667577 15
1424772728387 13
1424772789099 15
1424772849910 15
1424772910727 15
1424772971520 14
1424773032192 13
1424773093016 15
1424773153851 12
1424773214648 42
1424773275501 45
1424773336243 43
1424773397009 44
1424773457804 53
1424773518598 16
1424773579373 16
1424773640165 17
1424773700891 16
1424773761687 17
1424773822511 18
1424773883334 15
1424773944073 17
1424774004746 15
1424774065548 15
1424774126522 17
1424774187373 14
1424774248074 13
1424774308793 44
1424774369617 18
1424774430519 14
1424774491219 17
1424774551993 16
1424774612825 15
1424774673517 17
1424774734307 22
1424774795168 15
1424774855898 14
1424774916605 18
1424774977350 15
1424775038114 16
1424775098993 17
1424775159703 14
1424775220478 13
1424775281221 14
1424775342037 14
1424775402935 15
1424775463684 16
1424775524481 17
1424775585326 18
1424775646065 15
1424775706887 17
1424775767743 18
1424775828547 17
1424775889366 18
1424775950130 15
1424776010962 16
1424776071726 13
1424776132528 15
1424776193317 15
1424776254012 15
1424776314823 13
1424776375609 12
1424776436283 12
1424776497054 15
1424776557776 13
1424776618624 13
1424776679374 14
1424776740082 57
1424776800916 14
1424776861667 17
1424776922491 13
1424776983211 15
1424777043963 16
1424777104828 16
1424777165679 15
1424777226447 13
1424777287259 16
1424777348099 15
1424777409061 16
1424777469962 16
1424777531063 15
1424777591896 14
1424777652725 15
1424777713678 12
1424777774484 13
1424777835279 14
1424777896032 50
1424777956793 13
1424778017607 18
1424778078410 14
1424778139443 15
1424778200278 12
1424778261056 16
1424778321808 14
1424778382643 14
1424778443633 13
1424778504427 43
1424778565198 12
1424778626075 15
1424778686943 15
1424778747696 13
1424778808442 13
1424778869178 44
1424778929941 12
1424778990628 48
1424779051520 25
1424779112320 14
1424779173050 14
1424779233808 15
1424779294535 45
1424779355396 15
1424779416191 14
1424779477037 14
1424779537835 15
1424779598665 15
1424779659463 15
1424779720298 15
1424779781043 16
1424779841772 15
1424779902584 16
1424779963348 18
1424780024240 14
1424780085077 11
1424780145783 13
1424780206537 34
1424780267311 17
1424780328162 16
1424780388906 14
1424780449609 13
1424780510393 13
1424780571055 15
1424780631948 16
1424780692795 15
1424780753525 15
1424780814232 16
1424780874973 15
1424780935942 14
1424780996820 14
1424781057694 13
1424781118387 14
1424781179088 16
1424781240054 13
1424781300829 100
1424781361690 16
1424781422614 14
1424781483294 16
1424781544205 14
1424781605138 14
1424781665958 13
1424781726836 15
1424781787513 26
1424781848460 14
1424781909387 14
1424781970296 15
1424782031185 15
1424782092018 16
1424782152693 14
1424782213473 17
1424782274324 18
1424782335145 16
1424782395921 19
1424782456750 14
1424782517509 50
1424782578297 44
1424782639320 42
1424782700169 43
1424782761079 44
1424782821923 42
1424782882789 41
1424782943691 16
1424783004486 16
1424783065342 13
1424783126232 25
1424783187029 15
1424783248119 13
1424783308923 16
1424783369646 13
1424783430405 13
1424783491228 15
1424783552019 17
1424783612896 43
1424783673761 14
1424783734600 14
1424783795300 13
1424783856049 16
1424783916867 19
1424783977595 16
1424784038476 16
1424784099160 15
1424784159984 16
1424784220815 16
1424784281632 16
1424784342392 15
1424784403085 15
1424784463941 16
1424784524711 17
1424784585455 15
1424784646351 12
1424784707111 12
1424784768007 19
1424784828798 15
1424784889528 33
1424784950250 16
1424785010947 14
1424785071738 16
1424785132485 14
1424785193320 15
1424785254088 16
1424785314841 15
1424785375661 15
1424785436519 16
1424785497279 15
1424785558074 14
1424785618754 15
1424785679775 17
1424785740569 17
1424785801309 21
1424785862099 15
1424785923214 14
1424785984058 17
1424786044831 46
1424786105646 17
1424786166366 17
1424786227128 18
1424786287898 16
1424786348649 14
1424786409439 16
1424786470172 15
1424786531158 67
1424786592101 18
1424786652974 15
1424786713722 13
1424786774432 92
1424786835239 14
1424786896057 60
1424786956918 58
1424787017758 13
1424787078460 15
1424787139159 17
1424787199973 15
1424787260788 13
1424787321650 27
1424787382388 14
1424787443077 16
1424787503838 13
1424787564595 15
1424787625355 15
1424787686182 15
1424787746954 15
1424787807724 17
1424787868494 16
1424787929343 19
1424787990281 14
1424788051054 13
1424788111846 18
1424788172733 17
1424788233523 16
1424788294233 18
1424788354917 16
1424788415644 16
1424788476469 18
1424788537307 16
1424788598084 18
1424788658825 14
1424788719514 18
1424788780343 15
1424788841170 18
1424788901996 16
1424788962712 17
1424789023450 16
1424789084279 15
1424789145049 22
1424789205848 43
1424789266556 44
1424789327377 43
1424789388173 46
1424789449058 45
1424789509881 43
1424789570677 14
1424789631438 15
1424789692174 16
1424789752973 58
1424789813844 53
1424789874663 16
1424789935368 14
1424789996168 17
1424790056929 17
1424790117816 15
1424790178675 13
1424790239441 14
1424790300173 44
1424790360948 72
1424790421842 44
1424790483016 16
1424790543779 14
1424790604493 15
1424790665227 15
1424790726084 14
1424790786820 18
1424790847646 14
1424790908372 15
1424790969074 19
1424791029864 14
1424791090769 15
1424791151637 14
1424791212367 15
1424791273122 13
1424791333903 58
1424791394782 40
1424791455641 42
1424791516436 42
1424791577228 14
1424791637983 68
1424791698788 15
1424791759645 59
1424791820480 14
1424791881236 16
1424791942061 20
1424792002829 17
1424792063644 15
1424792124472 18
1424792185318 16
1424792246139 14
1424792306881 15
1424792367687 13
1424792428484 14
1424792489240 46
1424792550269 15
1424792611062 16
1424792671771 18
1424792732443 16
1424792793196 16
1424792853981 15
1424792914720 15
1424792975498 16
1424793036178 15
1424793096964 13
1424793157784 16
1424793218606 17
1424793279419 14
1424793340131 16
1424793400893 15
1424793461706 16
1424793522561 14
1424793583276 14
1424793643985 16
1424793704773 17
1424793765557 17
1424793826364 15
1424793887190 16
1424793947969 16
1424794008708 16
1424794069496 14
1424794130257 17
1424794191174 17
1424794251881 16
1424794312736 15
1424794373468 17
1424794434203 18
1424794495017 16
1424794555694 16
1424794616501 15
1424794677291 15
1424794738138 16
1424794798922 17
1424794859707 15
1424794920531 16
1424794981401 15
1424795042240 14
1424795102934 16
1424795163703 14
1424795224500 14
1424795285324 15
1424795346044 16
1424795406772 23
1424795467608 17
1424795528441 84
1424795589379 15
1424795650119 15
1424795711116 62
1424795772036 16
1424795832795 16
1424795893675 15
1424795954469 15
1424796015301 149
1424796076562 16
1424796137433 17
1424796198303 107
1424796259174 17
1424796320000 16
1424796380733 15
1424796441569 15
1424796502284 17
1424796563175 16
1424796624032 17
1424796684867 17
1424796745608 14
1424796806353 16
1424796867190 13
1424796928036 13
1424796988911 16
1424797049730 14
1424797110449 16
1424797171126 16
1424797231968 14
1424797292707 15
1424797353479 15
1424797414287 13
1424797475045 15
1424797535917 15
1424797596757 15
1424797657533 16
1424797718387 14
1424797779077 14
1424797839871 15
1424797900775 16
1424797961621 16
1424798022458 14
1424798083140 15
1424798143876 17
1424798204931 14
1424798265777 18
1424798326612 14
1424798387412 16
1424798448293 16
1424798509042 14
1424798569846 22
1424798630594 18
1424798691265 16
1424798752109 16
1424798812902 19
1424798873690 14
1424798934356 14
1424798995177 15
1424799056064 16
1424799116806 12
1424799177506 15
1424799238232 15
1424799299011 15
1424799359849 14
1424799420580 14
1424799481344 15
1424799542133 15
1424799602880 16
1424799663648 41
1424799724511 15
1424799785358 18
1424799846104 14
1424799906872 17
1424799967583 13
1424800028319 19
1424800089138 12
1424800149963 43
1424800211006 43
1424800271822 41
1424800332608 42
1424800393465 42
1424800454227 44
1424800515036 18
1424800575833 17
1424800636593 22
1424800697397 17
1424800758328 113
1424800819192 15
1424800879894 16
1424800940677 16
1424801001528 15
1424801062368 15
1424801123162 17
1424801183922 42
1424801244692 43
1424801305523 42
1424801366322 43
1424801427196 43
1424801487979 43
1424801548795 16
1424801609584 15
1424801670449 14
1424801731190 13
1424801792002 14
1424801852824 18
1424801913602 15
1424801974460 17
1424802035208 15
1424802095939 17
1424802156795 17
1424802217633 15
1424802278407 12
1424802339171 42
1424802399975 45
1424802460875 42
1424802521754 42
1424802582506 51
1424802643314 17
1424802704072 16
1424802764889 15
1424802825636 15
1424802886405 16
1424802947382 17
1424803008154 15
1424803068907 15
1424803129649 20
1424803190447 17
1424803251306 14
1424803312206 20
1424803373015 16
1424803433797 15
1424803494622 21
1424803555518 18
1424803616301 16
1424803677099 17
1424803737781 20
1424803798572 13
1424803859439 16
1424803920227 15
1424803981009 50
1424804041760 15
1424804102441 14
1424804163304 15
1424804224083 17
1424804284836 14
1424804345569 13
1424804406290 15
1424804467189 14
1424804527922 36
1424804588731 15
1424804649461 37
1424804710209 14
1424804771253 31
1424804832072 16
1424804892796 13
1424804953497 16
1424805014252 15
1424805075110 22
1424805135882 16
1424805196679 16
1424805257435 17
1424805318157 15
1424805379048 14
1424805439817 15
1424805500511 15
1424805561247 16
1424805622054 17
1424805682947 14
1424805744061 14
1424805804789 15
1424805865553 51
1424805926392 18
1424805987223 14
1424806047959 16
1424806108715 16
1424806169481 12
1424806230393 15
1424806291209 14
1424806351994 18
1424806412772 13
1424806473544 16
1424806534241 15
1424806595043 16
1424806655781 15
1424806716651 15
1424806777406 14
1424806838172 15
1424806899006 16
1424806959761 14
1424807020588 15
1424807081444 19
1424807142221 27
1424807203015 18
1424807263794 16
1424807324564 16
1424807385380 14
1424807446163 13
1424807506938 17
1424807567710 16
1424807628451 17
1424807689240 16
1424807750123 15
1424807810874 12
1424807871564 15
1424807932352 16
1424807993119 16
1424808053989 15
1424808114741 13
1424808175497 21
1424808236226 13
1424808296960 15
1424808357717 13
1424808418482 15
1424808479306 13
1424808540044 13
1424808600808 14
1424808661572 15
1424808722447 15
1424808783321 14
1424808844052 12
1424808904785 14
1424808965513 16
1424809026248 16
1424809087082 17
1424809148335 15
1424809209114 16
1424809269876 17
1424809330842 20
1424809391670 16
1424809452506 14
1424809513231 15
1424809574073 15
1424809634918 16
1424809695659 15
1424809756489 78
1424809817376 14
1424809878110 15
1424809938927 16
1424809999687 15
1424810060510 16
1424810121240 15
1424810182117 14
1424810242848 16
1424810303533 48
1424810364355 21
1424810425156 16
1424810485931 15
1424810546794 14
1424810607529 14
1424810668308 15
1424810729077 14
1424810790033 14
1424810850864 15
1424810911646 15
1424810972467 13
1424811033382 15
1424811094151 17
1424811154923 17
1424811215658 41
1424811276468 17
1424811337252 45
1424811398055 45
1424811458826 41
1424811519644 63
1424811580419 15
1424811641249 14
1424811702026 15
1424811762904 15
1424811823769 15
1424811884538 16
1424811945336 14
1424812006030 20
1424812066805 14
1424812127578 18
1424812188471 44
1424812249288 42
1424812310071 15
1424812370915 14
1424812431741 17
1424812492594 14
1424812553325 19
1424812614067 15
1424812674795 14
1424812735598 17
1424812796414 17
1424812857364 14
1424812918059 16
1424812978772 16
1424813039562 17
1424813100399 15
1424813161193 14
1424813222043 12
1424813282822 19
1424813343589 14
1424813404415 15
1424813465261 19
1424813526046 14
1424813586874 15
1424813647604 14
1424813708478 14
1424813769252 13
1424813830092 13
1424813891042 13
1424813951912 14
1424814012722 13
1424814073403 16
1424814134192 17
1424814195017 15
1424814255734 14
1424814316504 17
1424814377426 13
1424814438183 13
1424814498985 20
1424814559741 14
1424814620527 13
1424814681353 15
1424814742169 17
1424814802978 15
1424814863751 17
1424814924448 14
1424814985299 16
1424815046228 16
1424815106962 15
1424815167699 15
1424815228531 14
1424815289329 13
1424815350133 18
1424815410860 14
1424815471646 15
1424815532386 12
1424815593253 16
1424815653950 13
1424815714728 17
1424815775562 18
1424815836348 14
1424815897169 14
1424815957925 17
1424816018639 15
1424816079424 13
1424816140206 16
1424816201009 18
1424816261724 15
1424816322465 15
1424816383299 14
1424816444158 24
1424816504903 14
1424816565768 17
1424816626473 13
1424816687244 16
1424816748164 18
1424816809064 13
1424816869839 17
1424816930584 37
1424816991336 15
1424817052179 16
1424817112915 50
1424817173734 18
1424817234465 14
1424817295165 15
1424817355953 16
1424817416784 14
1424817477512 18
1424817538325 16
1424817599105 13
1424817660006 16
1424817720786 14
1424817781669 11
1424817842443 40
1424817903194 42
1424817963997 50
1424818024857 41
1424818085624 40
1424818146391 41
1424818207186 41
1424818267988 15
1424818328752 14
1424818389658 13
1424818450502 14
1424818511250 16
1424818571974 12
