1424480717356 5
1424480778101 4
1424480838814 5
1424480899571 5
1424480960356 3
1424481021240 5
1424481082082 5
1424481142820 5
1424481203524 5
1424481264271 9
1424481325074 4
1424481386039 5
1424481446744 4
1424481507459 4
1424481568252 4
1424481629061 3
1424481689876 4
1424481750639 4
1424481811335 5
1424481872200 8
1424481932984 5
1424481993796 4
1424482054655 5
1424482115495 3
1424482176333 4
1424482237163 4
1424482297931 4
1424482358641 6
1424482419548 4
1424482480305 5
1424482541046 4
1424482601907 4
1424482662689 4
1424482723425 5
1424482784173 4
1424482845092 4
1424482905866 4
1424482966771 4
1424483027488 4
1424483088197 4
1424483148917 4
1424483209741 3
1424483270896 6
1424483331624 5
1424483392447 6
1424483453175 4
1424483513945 6
1424483574862 5
1424483635708 5
1424483696514 3
1424483757216 4
1424483818008 4
1424483878921 3
1424483939749 4
1424484000558 4
1424484061282 7
1424484122005 3
1424484182806 4
1424484243712 5
1424484304467 5
1424484365152 4
1424484425890 3
1424484486636 4
1424484547539 4
1424484608355 3
1424484669119 4
1424484729965 3
1424484790772 3
1424484851590 4
1424484912399 5
1424484973170 3
1424485033931 4
1424485094634 3
1424485155447 4
1424485216204 6
1424485276972 5
1424485337762 4
1424485398551 5
1424485459293 4
1424485520012 4
1424485580726 5
1424485641531 4
1424485702351 3
1424485763128 5
1424485823873 4
1424485884748 3
1424485945573 7
1424486006594 4
1424486067349 4
1424486128142 4
1424486188835 4
1424486249643 5
1424486310508 4
1424486371396 4
1424486432214 4
1424486492930 5
1424486553678 7
1424486614510 4
1424486675321 4
1424486736094 3
1424486796845 3
1424486857568 4
1424486918371 4
1424486979132 4
1424487039873 4
1424487100639 5
1424487161370 7
1424487222273 5
1424487283096 4
1424487343914 4
1424487404633 4
1424487465417 4
1424487526173 5
1424487586947 3
1424487647780 5
1424487708551 3
1424487769350 7
1424487830120 5
1424487891021 4
1424487951869 4
1424488012709 5
1424488073397 3
1424488134100 5
1424488194826 4
1424488255660 5
1424488316545 4
1424488377279 8
1424488437971 3
1424488498674 4
1424488559491 3
1424488620271 4
1424488681048 3
1424488741806 4
1424488802554 3
1424488863434 4
1424488924174 4
1424488984934 4
1424489045672 3
1424489106423 5
1424489167257 4
1424489228027 3
1424489288803 3
1424489349549 3
1424489410276 3
1424489471165 3
1424489531974 3
1424489592790 3
1424489653496 6
1424489714202 4
1424489774994 4
1424489835731 3
1424489896579 4
1424489957432 4
1424490018210 3
1424490079008 5
1424490139783 4
1424490200528 4
1424490261280 6
1424490322293 5
1424490383152 5
1424490443906 5
1424490504634 4
1424490565372 4
1424490626144 4
1424490686999 4
1424490747841 4
1424490808635 7
1424490869400 3
1424490930207 4
1424490991153 4
1424491052030 4
1424491112769 3
1424491173509 5
1424491234268 4
1424491295148 4
1424491355950 3
1424491416711 4
1424491477476 4
1424491538200 4
1424491599060 4
1424491659872 4
1424491720742 4
1424491781428 4
1424491842115 4
1424491902975 5
1424491963840 4
1424492024668 4
1424492085416 4
1424492146333 5
1424492207100 3
1424492267849 3
1424492328635 4
1424492389377 4
1424492450304 5
1424492511184 3
1424492572117 3
1424492632931 4
1424492693752 4
1424492754511 3
1424492815292 3
1424492876025 3
1424492936782 4
1424492997631 4
1424493058533 4
1424493119234 4
1424493180032 3
1424493240917 4
1424493301733 3
1424493362600 3
1424493423416 3
1424493484121 3
1424493544916 4
1424493605662 4
1424493666540 4
1424493727285 3
1424493788012 4
1424493848780 4
1424493909459 5
1424493970472 4
1424494031239 4
1424494092057 4
1424494152829 4
1424494213533 4
1424494274386 5
1424494335144 3
1424494395931 4
1424494456836 4
1424494517569 4
1424494578359 3
1424494639174 3
1424494700000 4
1424494760815 5
1424494821580 4
1424494882482 4
1424494943237 4
1424495003998 4
1424495064829 4
1424495125603 4
1424495186422 5
1424495247231 4
1424495308067 5
1424495368983 3
1424495429827 3
1424495490601 3
1424495551456 4
1424495612268 3
1424495673004 3
1424495733728 3
1424495794589 4
1424495855436 5
1424495916281 3
1424495977102 5
1424496037929 4
1424496098710 4
1424496159660 4
1424496220446 3
1424496281263 4
1424496341992 4
1424496402814 3
1424496463720 3
1424496524520 3
1424496585335 3
1424496646222 4
1424496706919 3
1424496767745 4
1424496828455 4
1424496889303 3
1424496950120 4
1424497010873 3
1424497071633 3
1424497132423 4
1424497193357 3
1424497254146 3
1424497314915 3
1424497375695 4
1424497436390 3
1424497497228 3
1424497557975 4
1424497618685 4
1424497679460 4
1424497740200 4
1424497800957 5
1424497861752 5
1424497922484 3
1424497983248 5
1424498044054 3
1424498104860 4
1424498165743 3
1424498226541 3
1424498287331 3
1424498348045 3
1424498408805 4
1424498469751 3
1424498530591 7
1424498591447 4
1424498652208 3
1424498713023 3
1424498773842 4
1424498834636 6
1424498895454 4
1424498956356 4
1424499017076 4
1424499077930 4
1424499138723 6
1424499199619 4
1424499260409 3
1424499321300 3
1424499382076 3
1424499442871 4
1424499503684 4
1424499564491 3
1424499625282 4
1424499686047 3
1424499746750 7
1424499807575 5
1424499868360 5
1424499929184 5
1424499989994 4
1424500050783 5
1424500111602 5
1424500172415 4
1424500233186 5
1424500293969 4
1424500357437 9
1424500418332 4
1424500479105 4
1424500539809 4
1424500600598 3
1424500661359 4
1424500722213 4
1424500782924 3
1424500843726 5
1424500904560 4
1424500965406 7
1424501026235 4
1424501087068 5
1424501147851 3
1424501208589 3
1424501269557 4
1424501330403 4
1424501391258 4
1424501452088 3
1424501512772 4
1424501573472 10
1424501634344 7
1424501695191 3
1424501756010 3
1424501816706 3
1424501877522 4
1424501938388 5
1424501999292 4
1424502060003 5
1424502120713 5
1424502181543 10
1424502242428 3
1424502303284 5
1424502364053 5
1424502424787 3
1424502485523 3
1424502546349 4
1424502607073 4
1424502667872 3
1424502728579 3
1424502789329 3
1424502850297 4
1424502911026 3
1424502971759 3
1424503032614 4
1424503093341 3
1424503154108 3
1424503214874 3
1424503275686 3
1424503336765 3
1424503397436 3
1424503458320 5
1424503519113 3
1424503579963 3
1424503640770 3
1424503701521 5
1424503762280 4
1424503823033 4
1424503883845 3
1424503944578 4
1424504005388 3
1424504066136 4
1424504127006 5
1424504187857 5
1424504248599 4
1424504309286 4
1424504369987 4
1424504430877 4
1424504491684 4
1424504552538 5
1424504613277 5
1424504673992 3
1424504734781 4
1424504795980 4
1424504856930 4
1424504917659 5
1424504978867 4
1424505039593 5
1424505100463 4
1424505161233 3
1424505222018 3
1424505282735 4
1424505343461 4
1424505404271 3
1424505465017 4
1424505525758 4
1424505586545 3
1424505647263 3
1424505708080 4
1424505768868 4
1424505829743 4
1424505890473 4
1424505951156 4
1424506011946 4
1424506072850 4
1424506133734 3
1424506194432 5
1424506255153 3
1424506315898 5
1424506376783 4
1424506437571 4
1424506498299 3
1424506559035 4
1424506619741 4
1424506680593 4
1424506741365 3
1424506802140 4
1424506862884 4
1424506923620 3
1424506984408 4
1424507045282 4
1424507106059 5
1424507166809 4
1424507227550 4
1424507288379 4
1424507349223 4
1424507410003 3
1424507470784 7
1424507531466 3
1424507592363 3
1424507653260 4
1424507713981 3
1424507774655 3
1424507835396 4
1424507896296 4
1424507957117 4
1424508017940 4
1424508078670 6
1424508139384 3
1424508200140 4
1424508260892 4
1424508321687 4
1424508382392 4
1424508443162 4
1424508503944 5
1424508564800 4
1424508625579 3
1424508686389 13
1424508747197 4
1424508807954 3
1424508868889 4
1424508929589 4
1424508990499 4
1424509051350 6
1424509112020 5
1424509172870 4
1424509233721 4
1424509294447 9
1424509355147 3
1424509415901 4
1424509476773 3
1424509537587 4
1424509598432 4
1424509659185 4
1424509719862 4
1424509780720 4
1424509841504 4
1424509902268 7
1424509963075 4
1424510023808 3
1424510084518 3
1424510145254 3
1424510206074 4
1424510266841 4
1424510327910 4
1424510388644 3
1424510449375 3
1424510510169 8
1424510570938 5
1424510631902 4
1424510692650 3
1424510753438 4
1424510814943 5
1424510875784 5
1424510936703 4
1424510997535 4
1424511058661 5
1424511119452 9
1424511180221 3
1424511241215 4
1424511302076 3
1424511362907 4
1424511423622 4
1424511484381 3
1424511545114 3
1424511605907 4
1424511666706 4
1424511727403 7
1424511788197 4
1424511848956 5
1424511909823 3
1424511970737 4
1424512031578 4
1424512092366 4
1424512153128 3
1424512213916 3
1424512274724 3
1424512335524 8
1424512396338 3
1424512457039 4
1424512517814 4
1424512578570 5
1424512639424 5
1424512700325 3
1424512761111 5
1424512821824 4
1424512882555 4
1424512943356 9
1424513004156 4
1424513064887 4
1424513125644 3
1424513186416 3
1424513247200 3
1424513308065 4
1424513368736 3
1424513429440 3
1424513490261 3
1424513550982 6
1424513611831 3
1424513672588 4
1424513733350 4
1424513794058 3
1424513854895 4
1424513915736 3
1424513976641 5
1424514037441 4
1424514098223 3
1424514159014 7
1424514219869 5
1424514280758 5
1424514341474 5
1424514402255 6
1424514462989 3
1424514523780 3
1424514584542 5
1424514645281 3
1424514706054 4
1424514766763 9
1424514827564 5
1424514888419 4
1424514949231 3
1424515009963 4
1424515070662 5
1424515131404 3
1424515192171 4
1424515253054 5
1424515313791 4
1424515374530 8
1424515435259 4
1424515495953 5
1424515556743 4
1424515617628 4
1424515678296 3
1424515738985 4
1424515799744 4
1424515860497 3
1424515921251 3
1424515981976 7
1424516042809 4
1424516103605 4
1424516164401 4
1424516225224 5
1424516285957 4
1424516346810 5
1424516407687 5
1424516468457 3
1424516529295 4
1424516590057 9
1424516651039 4
1424516711800 3
1424516772553 3
1424516833286 5
1424516894045 4
1424516954804 3
1424517015556 4
1424517076348 4
1424517137110 4
1424517197925 6
1424517258695 3
1424517319631 4
1424517380480 4
1424517441302 3
1424517502066 4
1424517562823 4
1424517623522 3
1424517684340 4
1424517745129 3
1424517805925 4
1424517866709 3
1424517927410 4
1424517988274 4
1424518049104 3
1424518109881 7
1424518170718 3
1424518231437 3
1424518292261 4
1424518353114 3
1424518413852 3
1424518474629 4
1424518535368 4
1424518596180 3
1424518656979 5
1424518717727 5
1424518778488 4
1424518839316 4
1424518900147 5
1424518961584 6
1424519022304 5
1424519083068 5
1424519143809 3
1424519204617 5
1424519265477 3
1424519326213 4
1424519386999 3
1424519447683 3
1424519508478 5
1424519569294 3
1424519629956 4
1424519690738 4
1424519751405 3
1424519812133 4
1424519872896 5
1424519933666 3
1424519994410 3
1424520055164 3
1424520115963 3
1424520176765 3
1424520237550 4
1424520298225 5
1424520359068 4
1424520419817 4
1424520480634 4
1424520541539 5
1424520602254 4
1424520663002 4
1424520723888 3
1424520784588 5
1424520845392 4
1424520906173 4
1424520966882 4
1424521027600 4
1424521088549 3
1424521149309 4
1424521210037 3
1424521270791 4
1424521331522 3
1424521392312 4
1424521453123 4
1424521513948 4
1424521574686 3
1424521635472 4
1424521696173 3
1424521757010 3
1424521817949 4
1424521878681 6
1424521939453 4
1424522000163 4
1424522060997 4
1424522121703 4
1424522182408 5
1424522243262 4
1424522304097 5
1424522365001 5
1424522425732 4
1424522486579 9
1424522547350 5
1424522608071 5
1424522668941 4
1424522729646 4
1424522790420 3
1424522851231 3
1424522911995 4
1424522972759 4
1424523033434 3
1424523094279 8
1424523155088 4
1424523215819 4
1424523276601 3
1424523337383 4
1424523398148 4
1424523458931 5
1424523519617 4
1424523580413 4
1424523641283 3
1424523702043 8
1424523762774 4
1424523823498 4
1424523884235 4
1424523945086 3
1424524005897 5
1424524066654 5
1424524127388 5
1424524188191 4
1424524248930 5
1424524309842 7
1424524370629 5
1424524431389 4
1424524492165 4
1424524553006 5
1424524613908 3
1424524674675 4
1424524735415 4
1424524796174 4
1424524856938 3
1424524917688 7
1424524978445 4
1424525039182 4
1424525099922 4
1424525160685 4
1424525221393 6
1424525282184 3
1424525343014 4
1424525403754 5
1424525464569 5
1424525525334 3
1424525586172 4
1424525646956 4
1424525707707 4
1424525768499 4
1424525829284 5
1424525890097 4
1424525950905 5
1424526011613 4
1424526072513 4
1424526133224 3
1424526194026 5
1424526254857 4
1424526315589 7
1424526376334 3
1424526437026 4
1424526497794 3
1424526558549 3
1424526619330 3
1424526680054 4
1424526740808 4
1424526801718 3
1424526862501 3
1424526923257 3
1424526983967 4
1424527044822 4
1424527105644 4
1424527166472 4
1424527227158 3
1424527287915 4
1424527348721 3
1424527409643 4
1424527470435 4
1424527531178 3
1424527591898 3
1424527652592 5
1424527713461 4
1424527774274 5
1424527835015 4
1424527895692 4
1424527956399 4
1424528017280 5
1424528078087 4
1424528138795 5
1424528199607 6
1424528260354 4
1424528321205 3
1424528382042 5
1424528442864 4
1424528503639 3
1424528564392 4
1424528625236 4
1424528686050 4
1424528746776 4
1424528807512 3
1424528868256 3
1424528929136 4
1424528989946 3
1424529050756 4
1424529111514 4
1424529172348 4
1424529233207 4
1424529293967 4
1424529354704 4
1424529415396 3
1424529476124 3
1424529536910 3
1424529597781 5
1424529658482 4
1424529719297 3
1424529780000 3
1424529840797 4
1424529901657 4
1424529962518 5
1424530023279 4
1424530084028 4
1424530144790 3
1424530205633 4
1424530266395 4
1424530327217 4
1424530387976 5
1424530448726 5
1424530509496 5
1424530570527 3
1424530631338 5
1424530692133 5
1424530752858 3
1424530813674 6
1424530874541 4
1424530935291 4
1424530996042 4
1424531056786 3
1424531117545 4
1424531178504 3
1424531239244 3
1424531299947 3
1424531360670 4
1424531421362 7
1424531482212 3
1424531543008 3
1424531603749 4
1424531664546 4
1424531725245 3
1424531786033 3
1424531846842 3
1424531907609 4
1424531968355 5
1424532029078 6
1424532089905 4
1424532150690 5
1424532211481 5
1424532272189 4
1424532332970 5
1424532393757 4
1424532454485 4
1424532515345 3
1424532576127 4
1424532636908 7
1424532697763 5
1424532758556 4
1424532819443 4
1424532880262 3
1424532940981 4
1424533001800 4
1424533062511 4
1424533123353 6
1424533184109 4
1424533244959 9
1424533305768 5
1424533366470 5
1424533427401 5
1424533488232 4
1424533550185 4
1424533611057 3
1424533671833 4
1424533732678 4
1424533793452 4
1424533854149 7
1424533914958 4
1424533975622 5
1424534036535 4
1424534097313 3
1424534158187 5
1424534219012 5
1424534279791 3
1424534340502 4
1424534401294 4
1424534462178 6
1424534522943 7
1424534583656 5
1424534644435 3
1424534705256 4
1424534765981 5
1424534826803 3
1424534887504 3
1424534948301 3
1424535009102 4
1424535069866 3
1424535130603 3
1424535191399 4
1424535252114 4
1424535312939 4
1424535373825 3
1424535434530 4
1424535495337 3
1424535556134 4
1424535617057 4
1424535677795 3
1424535738502 4
1424535799257 3
1424535860040 3
1424535920868 3
1424535981574 4
1424536042335 4
1424536103153 3
1424536164015 5
1424536224816 6
1424536285574 3
1424536346291 4
1424536407101 5
1424536468058 4
1424536528928 3
1424536589740 4
1424536650444 4
1424536711185 4
1424536771946 3
1424536832730 4
1424536893487 4
1424536954192 4
1424537014962 3
1424537075773 4
1424537136468 4
1424537197320 4
1424537258118 3
1424537318895 3
1424537379728 4
1424537440445 4
1424537501227 5
1424537562038 5
1424537622832 5
1424537683635 5
1424537744392 5
1424537805275 5
1424537866176 5
1424537926933 5
1424537987702 3
1424538048493 5
1424538109254 3
1424538170040 3
1424538230822 3
1424538291625 3
1424538352434 3
1424538413232 4
1424538474036 6
1424538534821 3
1424538595587 3
1424538656282 3
1424538716987 4
1424538777902 3
1424538838763 3
1424538899446 3
1424538960915 3
1424539021737 4
1424539082604 3
1424539143406 4
1424539204267 4
1424539265062 3
1424539325831 9
1424539386743 5
1424539447549 3
1424539508337 3
1424539569196 4
1424539629914 3
1424539692082 4
1424539752985 3
1424539813711 4
1424539874570 3
1424539935313 4
1424539996056 3
1424540056928 4
1424540117632 3
1424540178477 3
1424540239269 5
1424540300029 5
1424540360708 4
1424540421441 3
1424540482351 3
1424540543134 3
1424540603868 5
1424540664624 3
1424540725315 3
1424540786211 3
1424540847093 3
1424540907846 3
1424540968564 6
1424541029385 3
1424541090171 3
1424541150998 3
1424541211821 4
1424541272525 4
1424541333238 5
1424541394008 5
1424541454786 5
1424541515578 4
1424541576362 9
1424541637155 5
1424541697915 4
1424541758757 5
1424541819587 4
1424541880430 4
1424541941216 3
1424542002045 4
1424542062866 3
1424542123621 3
1424542184325 7
1424542245089 4
1424542305827 4
1424542366665 4
1424542427461 4
1424542488236 4
1424542549122 3
1424542609842 4
1424542670668 3
1424542731516 5
1424542792299 6
1424542853028 4
1424542913726 4
1424542974607 4
1424543035388 5
1424543096146 5
1424543157050 4
1424543217732 5
1424543278576 4
1424543339428 5
1424543400267 7
1424543460992 4
1424543521737 4
1424543582536 4
1424543643310 3
1424543704069 4
1424543764831 4
1424543825523 4
1424543886282 3
1424543947039 3
1424544007776 9
1424544068599 3
1424544129330 4
1424544190079 3
1424544250994 4
1424544311725 4
1424544372487 4
1424544433224 4
1424544494049 3
1424544554884 3
1424544615638 6
1424544676417 5
1424544737176 5
1424544797970 5
1424544858801 4
1424544919512 3
1424544980279 5
1424545041019 4
1424545101904 3
1424545162715 4
1424545223506 7
1424545284230 3
1424545344904 4
1424545405750 3
1424545466509 4
1424545527319 3
1424545588056 3
1424545648802 4
1424545709573 3
1424545770387 4
1424545831172 6
1424545891983 3
1424545952716 4
1424546013437 4
1424546074188 3
1424546134984 3
1424546195738 3
1424546256525 4
1424546317289 5
1424546378120 5
1424546438941 5
1424546499763 5
1424546560539 4
1424546621254 3
1424546681956 3
1424546742835 4
1424546803634 3
1424546864379 3
1424546925174 3
1424546985938 4
1424547046764 3
1424547107557 4
1424547168294 4
1424547228994 3
1424547289714 3
1424547350655 4
1424547411480 4
1424547472295 4
1424547532967 5
1424547593669 3
1424547654499 5
1424547715255 4
1424547775986 4
1424547836790 4
1424547897569 4
1424547958319 4
1424548019180 4
1424548080047 4
1424548140815 4
1424548201536 4
1424548262285 4
1424548323101 3
1424548384010 3
1424548444769 4
1424548505552 3
1424548566341 5
1424548627150 4
1424548687954 4
1424548748654 3
1424548809409 4
1424548870138 3
1424548931204 4
1424548992030 4
1424549052741 3
1424549113441 5
1424549174225 4
1424549234985 3
1424549295795 3
1424549356524 4
1424549417309 3
1424549478105 3
1424549538975 3
1424549599768 3
1424549660610 4
1424549721434 3
1424549782208 4
1424549843028 5
1424549903813 4
1424549964741 4
1424550026371 5
1424550087268 3
1424550148092 5
1424550208905 4
1424550269672 4
1424550330425 4
1424550391408 3
1424550452209 4
1424550513188 7
1424550573910 3
1424550634686 3
1424550695536 4
1424550756299 4
1424550817103 4
1424550877801 4
1424550938576 4
1424550999427 4
1424551060243 4
1424551121009 7
1424551181747 4
1424551242485 4
1424551303272 4
1424551364095 5
1424551424934 3
1424551485699 5
1424551546403 4
1424551607197 4
1424551668034 3
1424551728754 6
1424551789443 3
1424551850163 3
1424551910852 3
1424551971661 3
1424552032500 3
1424552093275 3
1424552153989 4
1424552214693 3
1424552275447 5
1424552336281 4
1424552397098 4
1424552457820 3
1424552518505 5
1424552579320 5
1424552640142 4
1424552700904 5
1424552761652 5
1424552822425 3
1424552883379 3
1424552944267 3
1424553004981 3
1424553065746 3
1424553126439 3
1424553187200 4
1424553248014 3
1424553308790 3
1424553369588 4
1424553430387 4
1424553491261 4
1424553552001 3
1424553612804 3
1424553673696 3
1424553734483 3
1424553795274 3
1424553856017 4
1424553916738 4
1424553977780 5
1424554038596 3
1424554099395 5
1424554160233 4
1424554221042 4
1424554281822 5
1424554342664 4
1424554403435 3
1424554464285 4
1424554525064 3
1424554585909 4
1424554646830 4
1424554707593 3
1424554768362 4
1424554829148 4
1424554889886 4
1424554950699 4
1424555011424 5
1424555072246 5
1424555133047 4
1424555193913 4
1424555254762 3
1424555315555 4
1424555376319 3
1424555437124 3
1424555497857 3
1424555558696 5
1424555619465 5
1424555680261 4
1424555740989 3
1424555801743 3
1424555862593 5
1424555923365 3
1424555984046 5
1424556044922 5
1424556105660 4
1424556166519 4
1424556227326 4
1424556288459 3
1424556349247 4
1424556409958 4
1424556470710 4
1424556531559 4
1424556592361 3
1424556653098 3
1424556713821 4
1424556774643 3
1424556835380 4
1424556896094 3
1424556956863 4
1424557017541 3
1424557078327 4
1424557139185 3
1424557199885 3
1424557260682 4
1424557321388 3
1424557382196 4
1424557443046 3
1424557503824 3
1424557564578 3
1424557625308 3
1424557686125 3
1424557746931 3
1424557807685 3
1424557868406 3
1424557929088 4
1424557989867 4
1424558050848 5
1424558111725 4
1424558172443 5
1424558233151 3
1424558293893 4
1424558354718 3
1424558415548 4
1424558476287 3
1424558536970 5
1424558597701 4
1424558658477 4
1424558719288 3
1424558780037 3
1424558840788 7
1424558901567 4
1424558962304 4
1424559023112 3
1424559083915 3
1424559144619 3
1424559205385 3
1424559266188 4
1424559327026 3
1424559387836 5
1424559448632 6
1424559509397 5
1424559570134 5
1424559630945 5
1424559691656 4
1424559752490 4
1424559813311 4
1424559874127 4
1424559934900 4
1424559995750 3
1424560056500 8
1424560117228 5
1424560177925 4
1424560238713 4
1424560299485 4
1424560360223 4
1424560421038 3
1424560481774 4
1424560542515 3
1424560603261 4
1424560663991 4
1424560724935 4
1424560785750 4
1424560846483 3
1424560907278 3
1424560968026 4
1424561028809 4
1424561089565 4
1424561150310 4
1424561211182 4
1424561272007 4
1424561332807 3
1424561393533 5
1424561454270 5
1424561515106 4
1424561575881 4
1424561636732 5
1424561697508 3
1424561758209 3
1424561818982 3
1424561879828 4
1424561940659 4
1424562001498 4
1424562062195 5
1424562122972 3
1424562183771 4
1424562244624 3
1424562305350 3
1424562366111 4
1424562426934 3
1424562487684 4
1424562548564 3
1424562609328 3
1424562670047 3
1424562730877 3
1424562791652 3
1424562852480 4
1424562913263 6
1424562973969 3
1424563034763 3
1424563095452 3
1424563156219 3
1424563216980 4
1424563277704 3
1424563338468 3
1424563399301 3
1424563460051 3
1424563520865 4
1424563581613 3
1424563642372 4
1424563703203 3
1424563763939 3
1424563824695 5
1424563885619 3
1424563946371 5
1424564007307 5
1424564068080 8
1424564128846 4
1424564189601 4
1424564250303 4
1424564311119 3
1424564371982 4
1424564432691 3
1424564493446 3
1424564554187 3
1424564614996 3
1424564675701 3
1424564736511 7
1424564797254 4
1424564858107 3
1424564918966 4
1424564979726 4
1424565040619 4
1424565101830 4
1424565163254 3
1424565224193 5
1424565285224 4
1424565345984 3
1424565407058 3
1424565467842 3
1424565528736 3
1424565589468 4
1424565650138 4
1424565711048 4
1424565771889 4
1424565832695 4
1424565893363 3
1424565954077 4
1424566014862 4
1424566075650 5
1424566136521 4
1424566197321 4
1424566258148 5
1424566318874 5
1424566379714 4
1424566440486 4
1424566501253 4
1424566562024 7
1424566622717 3
1424566683605 3
1424566744458 3
1424566805293 3
1424566866025 3
1424566926730 4
1424566987559 4
1424567048327 4
1424567109133 3
1424567170026 7
1424567230761 4
1424567291487 3
1424567352209 4
1424567413032 3
1424567473868 3
1424567534624 3
1424567595403 3
1424567656138 4
1424567716898 3
1424567777660 6
1424567838523 3
1424567899246 4
1424567960037 5
1424568020889 4
1424568081605 5
1424568142588 4
1424568203469 5
1424568264258 3
1424568325167 3
1424568385913 6
1424568446686 3
1424568507538 3
1424568568245 3
1424568629079 3
1424568689930 4
1424568750690 3
1424568811578 3
1424568872378 4
1424568933121 4
1424568993953 6
1424569054983 4
1424569117342 3
1424569179862 4
1424569240932 4
1424569301664 3
1424569362471 3
1424569423247 4
1424569484010 4
1424569544723 4
1424569605567 8
1424569666349 4
1424569727150 3
1424569787970 4
1424569848737 3
1424569909621 3
1424569970306 4
1424570031057 4
1424570091773 4
1424570152543 3
1424570213520 9
1424570274364 5
1424570335501 3
1424570396982 4
1424570457760 3
1424570518599 3
1424570579341 4
1424570640124 3
1424570700839 4
1424570761698 3
1424570822567 7
1424570883295 3
1424570944003 4
1424571004838 4
1424571065547 3
1424571126478 3
1424571187267 4
1424571247978 3
1424571308747 4
1424571369479 3
1424571430246 6
1424571491158 3
1424571551907 4
1424571612780 3
1424571674135 3
1424571734922 4
1424571795725 5
1424571856502 3
1424571917345 4
1424571978107 5
1424572038932 8
1424572099687 3
1424572160418 4
1424572221202 4
1424572282024 4
1424572342845 4
1424572403599 3
1424572464333 3
1424572525101 4
1424572585923 4
1424572646745 8
1424572707611 3
1424572768414 4
1424572829194 3
1424572889932 3
1424572950676 4
1424573011502 4
1424573072315 3
1424573133104 4
1424573193848 4
1424573254582 7
1424573315776 4
1424573376509 4
1424573437296 3
1424573498043 5
1424573558834 3
1424573619685 5
1424573680451 5
1424573741305 4
1424573802116 5
1424573862919 6
1424573923843 5
1424573984665 4
1424574045381 5
1424574106102 4
1424574166839 4
1424574227760 4
1424574288536 5
1424574349307 4
1424574409985 4
1424574470683 8
1424574531570 4
1424574592448 4
1424574653150 5
1424574713853 3
1424574774623 4
1424574835410 4
1424574896152 3
1424574956928 3
1424575017682 4
1424575078521 7
1424575139390 3
1424575200186 3
1424575260923 5
1424575321753 4
1424575382653 5
1424575443491 4
1424575504304 5
1424575565083 3
1424575625865 3
1424575686682 6
1424575747488 4
1424575808324 3
1424575869130 3
1424575929855 3
1424575990598 4
1424576051409 4
1424576112165 4
1424576172949 4
1424576233775 3
1424576294529 7
1424576355447 3
1424576416203 4
1424576476974 4
1424576537761 3
1424576598467 3
1424576659297 3
1424576720076 4
1424576780845 3
1424576841547 5
1424576902444 9
1424576963317 4
1424577024071 4
1424577084992 5
1424577145676 3
1424577206451 4
1424577267249 4
1424577328107 4
1424577388883 4
1424577449570 3
1424577510276 8
1424577571201 4
1424577631938 3
1424577692819 3
1424577753632 3
1424577814388 3
1424577875202 4
1424577935992 4
1424577996775 5
1424578057826 3
1424578118597 7
1424578179544 3
1424578240326 4
1424578301160 4
1424578361924 4
1424578422773 4
1424578483535 4
1424578544274 3
1424578605069 4
1424578665958 4
1424578726683 8
1424578787429 3
1424578848299 4
1424578909033 3
1424578970215 4
1424579031006 5
1424579091914 4
1424579152698 3
1424579213476 4
1424579274342 4
1424579335223 7
1424579396132 5
1424579456925 5
1424579517717 4
1424579578652 3
1424579639446 3
1424579700244 4
1424579760972 3
1424579821718 3
1424579882544 4
1424579943339 3
1424580004086 5
1424580064947 4
1424580125668 3
1424580186465 4
1424580247344 3
1424580308208 3
1424580368967 3
1424580429688 3
1424580490488 3
1424580551316 3
1424580612123 4
1424580672879 4
1424580733621 5
1424580794338 4
1424580855188 3
1424580915920 4
1424580976817 3
1424581037611 4
1424581098280 3
1424581159123 4
1424581219969 4
1424581280711 5
1424581341529 4
1424581402276 5
1424581463747 3
1424581524595 4
1424581585391 6
1424581646198 3
1424581707004 3
1424581767732 3
1424581828571 4
1424581889472 3
1424581950182 3
1424582010994 4
1424582071767 4
1424582132580 3
1424582193385 3
1424582254308 4
1424582315245 4
1424582375975 3
1424582436675 4
1424582497460 4
1424582558265 3
1424582619029 4
1424582681072 4
1424582741846 4
1424582802669 4
1424582863534 3
1424582924397 3
1424582985308 4
1424583046107 5
1424583106903 5
1424583167749 5
1424583228581 3
1424583289429 4
1424583350311 4
1424583411126 4
1424583471837 5
1424583532555 4
1424583593380 3
1424583654118 3
1424583715043 4
1424583775831 4
1424583836546 3
1424583897248 3
1424583958114 5
1424584018912 5
1424584079739 4
1424584140650 4
1424584201410 3
1424584262360 4
1424584323178 4
1424584383886 4
1424584444721 4
1424584505513 4
1424584566341 3
1424584627152 4
1424584687851 5
1424584748634 4
1424584809427 4
1424584870187 3
1424584931232 5
1424584991988 5
1424585052900 6
1424585113749 6
1424585174531 4
1424585235407 4
1424585296215 4
1424585357012 5
1424585417911 3
1424585478620 4
1424585539363 4
1424585600199 4
1424585660994 5
1424585721725 4
1424585782578 5
1424585843374 7
1424585904239 3
1424585965001 4
1424586025798 4
1424586086513 4
1424586147191 4
1424586208091 3
1424586268824 4
1424586329572 3
1424586390410 4
1424586451193 9
1424586512009 3
1424586572741 5
1424586633504 3
1424586694390 4
1424586755193 3
1424586815930 3
1424586876675 4
1424586937450 5
1424586998312 3
1424587059241 6
1424587120012 4
1424587180719 4
1424587241521 4
1424587302237 3
1424587363039 5
1424587423887 4
1424587484612 4
1424587545325 3
1424587606073 3
1424587666942 7
1424587727748 5
1424587788517 3
1424587849293 5
1424587910050 3
1424587970823 5
1424588031628 5
1424588092472 5
1424588153263 5
1424588214067 5
1424588274819 9
1424588335598 4
1424588396447 4
1424588457205 5
1424588518015 3
1424588578711 3
1424588639450 3
1424588700244 3
1424588761035 4
1424588821732 3
1424588882489 7
1424588943291 4
1424589004196 3
1424589064997 4
1424589125754 4
1424589186559 3
1424589247349 4
1424589308257 3
1424589369018 3
1424589429728 4
1424589490687 7
1424589551381 4
1424589612242 3
1424589673357 3
1424589734168 3
1424589794942 4
1424589855647 3
1424589916369 5
1424589977201 4
1424590037988 5
1424590098729 9
1424590159497 4
1424590220290 4
1424590281144 4
1424590341979 3
1424590402799 3
1424590463524 4
1424590524201 3
1424590584966 3
1424590645781 4
1424590707032 6
1424590767764 4
1424590828522 4
1424590889315 4
1424590950058 5
1424591010883 4
1424591071640 3
1424591132347 3
1424591193014 3
1424591253847 4
1424591314718 4
1424591375432 5
1424591436277 4
1424591497031 4
1424591557882 3
1424591618942 3
1424591679745 4
1424591740589 4
1424591801345 3
1424591862052 4
1424591922873 3
1424591983771 4
1424592044493 3
1424592105258 4
1424592165973 4
1424592226763 4
1424592287648 3
1424592348514 4
1424592409302 4
1424592469971 3
1424592530724 4
1424592591531 3
1424592652316 4
1424592713055 4
1424592773756 4
1424592834530 3
1424592895258 4
1424592956020 3
1424593016707 3
1424593077455 3
1424593138215 3
1424593199115 3
1424593259933 3
1424593320711 3
1424593381397 5
1424593442227 5
1424593503166 5
1424593563964 3
1424593624668 3
1424593685449 3
1424593746231 3
1424593807067 3
1424593867942 3
1424593928727 3
1424593989498 3
1424594050201 3
1424594111043 3
1424594171814 6
1424594232573 4
1424594293264 3
1424594354027 3
1424594414890 4
1424594475644 3
1424594536357 3
1424594597081 3
1424594657782 3
1424594718562 3
1424594779400 7
1424594840193 4
1424594900913 5
1424594961734 5
1424595022540 5
1424595083404 4
1424595144213 3
1424595205064 3
1424595265878 5
1424595326715 3
1424595387462 6
1424595448271 4
1424595509021 3
1424595569778 3
1424595630481 4
1424595691289 4
1424595752146 3
1424595812971 4
1424595873780 3
1424595934441 4
1424595995171 7
1424596055910 3
1424596116661 3
1424596177390 4
1424596238091 4
1424596298978 4
1424596359976 4
1424596420753 4
1424596481608 4
1424596542327 5
1424596603074 8
1424596663853 4
1424596724599 4
1424596785370 5
1424596846102 5
1424596906927 4
1424596967739 3
1424597028441 3
1424597089407 4
1424597150159 3
1424597210916 7
1424597271644 3
1424597332336 3
1424597393147 4
1424597453954 3
1424597514772 3
1424597575464 3
1424597636185 4
1424597696963 3
1424597757825 3
1424597818531 7
1424597879204 4
1424597940023 4
1424598000740 3
1424598061528 3
1424598122224 3
1424598182970 3
1424598243783 3
1424598304617 3
1424598365403 4
1424598426136 9
1424598486940 3
1424598547694 3
1424598608466 5
1424598669290 4
1424598730033 4
1424598790782 4
1424598851478 4
1424598912213 3
1424598973052 3
1424599033779 4
1424599094554 3
1424599155350 4
1424599216072 4
1424599276867 3
1424599337657 3
1424599398443 3
1424599459110 3
1424599519844 3
1424599580652 3
1424599641431 3
1424599702149 4
1424599762871 4
1424599823623 4
1424599884472 4
1424599945255 3
1424600006012 3
1424600066716 4
1424600127562 4
1424600188409 3
1424600249240 5
1424600309975 4
1424600370747 4
1424600431479 3
1424600492284 5
1424600553026 4
1424600613855 6
1424600674590 4
1424600735448 4
1424600796251 5
1424600856997 4
1424600917799 4
1424600978552 4
1424601039304 3
1424601100123 4
1424601160956 4
1424601221739 3
1424601282530 4
1424601343636 3
1424601404614 4
1424601465388 3
1424601526069 4
1424601586862 3
1424601647751 3
1424601708542 3
1424601769644 4
1424601830402 3
1424601891252 3
1424601952080 4
1424602012820 4
1424602073602 3
1424602134501 3
1424602195184 3
1424602256030 4
1424602316773 4
1424602377534 4
1424602438365 3
1424602499133 5
1424602560014 5
1424602620886 4
1424602681715 5
1424602742464 5
1424602803226 4
1424602863939 3
1424602924708 4
1424602985635 3
1424603046487 3
1424603107269 4
1424603167977 3
1424603228781 4
1424603289545 4
1424603350255 3
1424603411059 4
1424603471827 3
1424603532547 4
1424603593416 3
1424603654176 3
1424603714883 4
1424603775667 4
1424603836390 4
1424603897212 4
1424603957958 5
1424604018668 5
1424604079512 4
1424604140297 5
1424604201132 4
1424604261913 3
1424604322744 8
1424604383506 5
1424604444345 3
1424604505169 5
1424604565923 3
1424604626696 3
1424604687408 4
1424604748144 3
1424604808881 3
1424604869756 3
1424604930598 7
1424604991435 3
1424605052163 3
1424605112974 4
1424605173727 3
1424605234546 3
1424605295278 3
1424605355968 4
1424605416700 3
1424605477588 4
1424605538380 9
1424605599098 3
1424605659868 4
1424605720632 4
1424605781453 4
1424605842177 4
1424605902896 4
1424605963687 4
1424606024432 5
1424606085350 4
1424606146098 7
1424606206840 4
1424606267783 3
1424606328492 3
1424606389236 4
1424606450055 3
1424606510788 3
1424606571559 4
1424606632302 3
1424606693053 5
1424606753851 9
1424606814620 4
1424606875378 4
1424606936116 4
1424606996832 4
1424607057637 4
1424607118377 3
1424607179087 3
1424607239889 3
1424607300629 4
1424607361505 6
1424607422186 3
1424607482928 3
1424607543696 3
1424607604480 3
1424607665264 4
1424607725976 3
1424607786837 5
1424607847592 3
1424607908399 4
1424607969140 4
1424608029898 3
1424608090807 3
1424608151632 5
1424608212407 4
1424608273235 4
1424608333968 3
1424608394728 3
1424608455551 4
1424608516383 3
1424608577147 3
1424608637851 3
1424608698613 3
1424608759529 4
1424608820415 3
1424608881112 5
1424608941860 4
1424609002629 4
1424609063500 4
1424609124321 5
1424609185058 3
1424609245803 4
1424609306565 5
1424609367394 4
1424609428251 3
1424609488986 3
1424609549688 4
1424609610453 3
1424609671361 4
1424609732154 4
1424609792919 3
1424609853663 3
1424609914444 4
1424609975278 3
1424610036038 3
1424610096805 3
1424610157531 3
1424610218212 4
1424610279064 4
1424610339882 4
1424610400619 4
1424610461378 4
1424610522058 4
1424610582809 4
1424610643568 6
1424610704376 4
1424610765085 5
1424610825903 3
1424610886673 4
1424610947468 5
1424611008337 5
1424611069253 5
1424611129960 5
1424611190723 4
1424611251459 4
1424611312303 5
1424611373018 5
1424611433776 4
1424611494791 3
1424611555492 3
1424611616278 4
1424611677133 3
1424611737896 5
1424611798662 3
1424611859392 4
1424611920290 3
1424611981205 3
1424612041928 3
1424612102776 3
1424612163490 5
1424612224305 4
1424612285148 5
1424612345883 3
1424612406688 3
1424612467490 4
1424612528235 3
1424612589014 4
1424612649754 7
1424612710560 3
1424612771292 4
1424612832050 4
1424612892876 3
1424612953672 4
1424613014422 4
1424613075573 5
1424613136366 5
1424613197095 4
1424613257922 9
1424613318705 3
1424613379573 4
1424613440432 5
1424613501186 4
1424613561943 4
1424613622645 3
1424613683405 3
1424613744207 4
1424613806300 3
1424613867058 7
1424613927782 3
1424613988574 4
1424614049407 3
1424614110151 3
1424614170914 3
1424614231675 3
1424614292464 4
1424614353227 3
1424614413977 3
1424614474717 4
1424614535500 3
1424614596299 3
1424614657030 3
1424614717750 4
1424614778483 3
1424614839276 3
1424614900178 3
1424614960954 5
1424615021810 4
1424615082648 5
1424615143465 4
1424615204237 5
1424615265116 5
1424615325900 5
1424615386809 4
1424615447598 3
1424615508336 3
1424615569010 4
1424615629744 3
1424615690628 4
1424615751384 4
1424615812085 3
1424615872799 3
1424615933521 4
1424615994440 4
1424616055234 3
1424616115924 3
1424616176658 3
1424616237334 4
1424616298165 4
1424616358964 3
1424616419755 3
1424616480584 3
1424616541305 3
1424616602313 3
1424616663087 4
1424616723826 4
1424616784599 4
1424616845403 5
1424616906276 4
1424616967045 4
1424617027784 4
1424617088628 4
1424617149308 4
1424617210215 4
1424617271126 5
1424617331909 4
1424617392677 5
1424617453414 4
1424617514328 3
1424617575249 3
1424617636007 3
1424617696685 4
1424617757383 4
1424617818177 3
1424617878922 4
1424617939657 4
1424618000383 3
1424618061149 3
1424618121896 5
1424618182640 3
1424618243322 4
1424618304088 3
1424618364865 4
1424618425602 3
1424618486516 4
1424618547297 3
1424618608080 5
1424618668865 6
1424618729647 4
1424618790437 5
1424618851243 3
1424618911945 4
1424618972713 4
1424619033442 5
1424619094294 4
1424619155073 3
1424619215870 3
1424619276597 4
1424619337352 3
1424619398177 5
1424619459510 4
1424619520282 3
1424619581067 4
1424619641912 3
1424619702719 4
1424619763482 7
1424619824246 3
1424619885014 3
1424619945896 3
1424620006690 3
1424620067521 3
1424620128266 3
1424620189056 4
1424620249857 3
1424620310610 4
1424620371341 7
1424620432099 4
1424620492867 4
1424620553695 3
1424620614492 3
1424620675227 4
1424620735958 5
1424620796691 5
1424620857518 5
1424620918384 3
1424620979192 9
1424621040002 3
1424621100846 3
1424621161652 3
1424621222477 4
1424621283310 4
1424621344052 4
1424621404753 4
1424621465485 3
1424621526333 3
1424621587196 7
1424621647960 4
1424621708641 3
1424621769472 4
1424621830291 3
1424621891135 3
1424621951936 3
1424622012642 3
1424622073375 4
1424622134104 3
1424622194829 7
1424622255768 3
1424622316531 3
1424622377302 4
1424622438012 4
1424622498797 4
1424622559682 5
1424622620504 4
1424622681216 4
1424622741975 4
1424622802715 5
1424622863596 3
1424622924387 5
1424622985192 3
1424623045923 4
1424623106709 4
1424623167648 3
1424623228466 3
1424623289218 3
1424623349956 3
1424623410698 4
1424623471511 3
1424623532375 3
1424623593107 4
1424623653866 4
1424623714663 4
1424623775921 3
1424623836738 5
1424623897422 3
1424623958242 4
1424624019079 5
1424624079838 5
1424624140663 3
1424624201347 5
1424624262255 5
1424624323031 5
1424624383840 5
1424624444521 3
1424624505342 4
1424624566135 4
1424624626982 4
1424624687772 3
1424624748550 4
1424624809382 3
1424624870229 3
1424624930935 3
1424624991720 4
1424625052460 4
1424625113234 3
1424625174082 4
1424625234810 3
1424625295730 5
1424625356524 4
1424625417237 3
1424625478064 4
1424625538801 4
1424625599602 3
1424625660404 3
1424625721195 4
1424625781965 4
1424625842720 4
1424625903512 3
1424625964345 3
1424626025193 4
1424626086080 5
1424626146821 4
1424626207529 4
1424626268313 5
1424626329026 4
1424626389896 5
1424626450761 4
1424626511446 4
1424626572243 3
1424626633021 4
1424626693832 3
1424626754587 3
1424626815411 5
1424626876355 4
1424626937179 4
1424626998033 3
1424627058787 4
1424627119531 4
1424627180388 3
1424627241145 4
1424627301929 3
1424627362626 3
1424627423324 5
1424627484243 8
1424627545001 5
1424627605773 4
1424627666493 4
1424627727187 5
1424627787986 4
1424627848790 3
1424627909554 3
1424627970345 3
1424628031067 3
1424628091906 8
1424628152710 4
1424628213525 4
1424628274270 4
1424628335010 3
1424628395872 3
1424628456671 3
1424628517495 3
1424628578201 5
1424628638944 4
1424628699661 6
1424628760459 4
1424628821278 3
1424628881994 3
1424628942775 4
1424629003479 3
1424629064357 4
1424629125098 4
1424629185924 3
1424629246657 4
1424629307487 7
1424629368371 3
1424629429194 4
1424629489908 3
1424629550744 3
1424629611542 4
1424629672320 3
1424629733159 4
1424629793950 5
1424629854686 5
1424629915503 8
1424629976452 6
1424630037260 5
1424630098003 4
1424630158786 5
1424630219578 4
1424630280449 4
1424630341205 3
1424630401937 3
1424630462739 4
1424630523472 3
1424630584305 4
1424630645078 3
1424630705850 4
1424630766641 4
1424630827409 3
1424630888194 3
1424630949016 3
1424631009753 3
1424631070502 3
1424631131328 3
1424631192189 3
1424631252970 3
1424631313706 3
1424631374485 3
1424631435164 3
1424631496028 4
1424631556711 3
1424631617494 4
1424631678274 3
1424631739007 3
1424631799850 3
1424631860664 4
1424631921423 4
1424631982193 4
1424632042934 5
1424632103735 4
1424632164595 4
1424632225422 3
1424632286172 3
1424632346879 4
1424632407703 3
1424632468444 5
1424632529173 3
1424632590041 3
1424632650758 4
1424632711547 5
1424632772377 4
1424632833274 3
1424632894094 3
1424632954885 3
1424633015621 5
1424633076328 4
1424633137061 4
1424633197862 4
1424633258688 3
1424633319437 4
1424633380176 7
1424633441021 4
1424633501741 3
1424633562546 3
1424633623360 4
1424633684182 4
1424633744927 5
1424633805671 5
1424633866543 4
1424633927387 5
1424633988167 9
1424634048949 5
1424634109685 4
1424634170488 3
1424634232350 3
1424634293143 3
1424634353900 4
1424634414639 3
1424634475500 4
1424634536268 3
1424634597091 6
1424634657981 5
1424634718698 3
1424634779395 4
1424634840097 4
1424634900868 4
1424634961757 3
1424635022584 3
1424635083467 4
1424635144318 3
1424635205162 7
1424635266000 4
1424635326753 3
1424635387573 4
1424635448385 3
1424635509200 5
1424635570029 5
1424635630764 3
1424635691601 4
1424635752390 5
1424635813234 7
1424635874148 4
1424635934921 5
1424635995771 5
1424636056610 4
1424636117460 5
1424636178344 3
1424636239101 3
1424636299901 4
1424636360794 3
1424636421589 8
1424636482311 4
1424636543018 4
1424636603738 3
1424636664507 3
1424636725389 4
1424636786246 3
1424636846991 4
1424636907710 3
1424636968475 3
1424637029252 3
1424637090079 4
1424637150802 4
1424637211568 4
1424637272435 5
1424637333245 3
1424637394143 5
1424637454999 5
1424637516178 4
1424637576910 5
1424637637781 5
1424637698584 3
1424637759537 5
1424637820221 4
1424637880967 4
1424637941755 3
1424638002604 4
1424638063357 4
1424638124056 3
1424638184801 5
1424638245628 3
1424638306472 3
1424638367226 5
1424638428246 3
1424638488973 3
1424638549819 4
1424638610603 5
1424638671433 4
1424638732244 4
1424638793012 4
1424638853862 3
1424638914689 5
1424638975546 3
1424639036384 3
1424639097223 4
1424639157964 4
1424639218772 3
1424639279582 5
1424639340426 4
1424639401150 5
1424639461902 3
1424639522752 4
1424639583633 4
1424639644377 4
1424639705111 3
1424639765797 4
1424639826675 3
1424639887579 6
1424639948298 3
1424640009063 3
1424640069769 3
1424640130857 3
1424640191706 4
1424640252521 3
1424640313252 4
1424640374067 3
1424640434914 3
1424640495765 4
1424640556518 3
1424640617226 3
1424640677926 3
1424640738687 4
1424640799476 3
1424640860216 4
1424640920926 3
1424640981692 3
1424641042478 3
1424641103282 7
1424641164063 3
1424641224916 3
1424641285779 3
1424641346540 3
1424641407501 3
1424641468227 3
1424641529247 3
1424641589981 3
1424641650698 4
1424641711534 7
1424641772292 3
1424641833121 3
1424641893920 4
1424641954689 4
1424642015405 4
1424642076147 3
1424642136951 4
1424642197754 4
1424642258574 4
1424642319313 8
1424642380022 5
1424642440828 4
1424642501634 4
1424642562355 5
1424642623069 12
1424642683838 5
1424642744636 5
1424642805502 5
1424642866279 5
1424642927044 7
1424642987817 5
1424643048561 3
1424643109352 3
1424643170205 4
1424643230940 4
1424643291678 3
1424643352426 3
1424643413251 4
1424643474127 4
1424643534836 6
1424643595512 3
1424643656345 3
1424643717077 4
1424643777976 3
1424643838814 4
1424643899534 3
1424643960308 3
1424644021078 4
1424644081953 4
1424644142775 7
1424644203568 4
1424644264309 5
1424644325070 5
1424644385879 4
1424644446706 4
1424644507469 5
1424644568229 4
1424644628987 3
1424644689840 3
1424644750624 8
1424644811368 4
1424644872110 3
1424644932856 3
1424644993692 3
1424645054450 4
1424645115151 3
1424645175956 3
1424645236682 5
1424645297533 4
1424645358419 8
1424645419210 3
1424645479934 3
1424645540654 4
1424645601451 3
1424645662272 4
1424645723127 5
1424645783800 3
1424645844634 3
1424645905487 4
1424645966282 9
1424646026997 3
1424646087755 5
1424646148496 4
1424646211063 5
1424646271861 4
1424646332653 4
1424646393401 3
1424646454199 4
1424646514961 3
1424646575743 7
1424646636473 3
1424646697271 4
1424646757991 3
1424646818771 4
1424646879567 4
1424646940397 4
1424647001147 4
1424647062011 3
1424647122811 4
1424647183709 8
1424647244572 3
1424647305362 4
1424647366126 3
1424647426862 4
1424647487592 3
1424647548520 4
1424647609365 5
1424647670060 5
1424647730836 5
1424647791688 5
1424647852457 4
1424647913312 5
1424647974178 4
1424648034949 3
1424648095679 4
1424648156526 3
1424648217315 5
1424648278100 3
1424648338890 4
1424648399660 4
1424648460459 4
1424648521227 3
1424648582016 3
1424648642769 3
1424648703486 3
1424648764248 3
1424648825122 6
1424648885983 3
1424648946757 5
1424649007457 3
1424649068177 3
1424649129063 3
1424649189861 3
1424649250650 4
1424649311412 4
1424649372203 5
1424649433136 4
1424649493936 4
1424649554645 4
1424649615443 5
1424649676207 4
1424649737072 4
1424649797774 3
1424649858562 4
1424649919392 3
1424649980090 4
1424650041012 3
1424650101783 3
1424650162571 4
1424650223440 3
1424650284186 4
1424650345064 3
1424650405909 3
1424650466665 5
1424650527527 3
1424650588355 5
1424650649245 4
1424650710044 4
1424650770717 4
1424650831509 4
1424650892283 4
1424650953141 3
1424651013904 3
1424651074615 5
1424651135471 5
1424651196270 5
1424651257100 6
1424651317915 4
1424651378677 5
1424651439408 5
1424651500175 5
1424651561079 4
1424651621897 4
1424651682759 4
1424651743529 3
1424651804197 3
1424651864946 4
1424651925825 5
1424651986669 5
1424652047436 4
1424652108244 4
1424652168953 3
1424652229849 4
1424652290765 4
1424652351527 4
1424652412254 5
1424652472986 3
1424652533717 4
1424652594577 5
1424652655473 5
1424652716260 5
1424652777036 4
1424652837735 3
1424652898578 5
1424652959394 4
1424653020147 5
1424653080896 7
1424653141711 5
1424653202562 3
1424653263330 3
1424653324207 4
1424653384988 4
1424653445737 4
1424653506509 4
1424653567323 4
1424653628156 4
1424653688897 7
1424653749645 3
1424653810496 3
1424653871289 4
1424653932209 4
1424653993024 4
1424654053875 3
1424654114715 3
1424654175528 3
1424654236331 3
1424654297142 9
1424654357922 4
1424654418791 5
1424654479544 5
1424654541848 5
1424654602663 4
1424654663465 6
1424654724276 3
1424654785043 4
1424654845773 4
1424654906615 9
1424654967417 5
1424655028392 5
1424655089192 4
1424655149940 4
1424655210835 4
1424655271598 3
1424655332460 3
1424655393271 4
1424655454101 3
1424655514864 6
1424655575566 3
1424655636773 4
1424655697987 3
1424655758797 3
1424655819604 5
1424655880392 5
1424655941234 3
1424656002068 5
1424656062874 5
1424656123741 10
1424656184506 7
1424656245309 4
1424656306096 4
1424656366955 4
1424656427793 4
1424656488542 3
1424656549234 4
1424656610017 4
1424656670812 4
1424656731641 7
1424656792451 4
1424656853121 3
1424656913860 5
1424656974693 3
1424657035549 5
1424657096413 3
1424657157269 5
1424657218197 3
1424657279129 4
1424657339947 6
1424657400768 4
1424657461621 3
1424657522331 4
1424657583276 5
1424657644072 3
1424657704984 5
1424657765916 4
1424657826629 4
1424657887459 5
1424657948348 8
1424658009148 4
1424658070030 4
1424658130955 4
1424658191875 4
1424658252572 3
1424658313544 4
1424658375269 4
1424658437363 3
1424658498972 3
1424658559885 8
1424658620722 3
1424658681522 4
1424658742284 3
1424658803133 4
1424658863923 5
1424658924964 3
1424658985758 5
1424659046458 4
1424659107332 5
1424659168044 9
1424659228823 3
1424659289584 5
1424659350249 4
1424659411048 3
1424659471795 4
1424659532580 4
1424659593388 4
1424659654193 4
1424659714981 3
1424659775854 7
1424659836619 6
1424659897447 3
1424659958189 4
1424660018934 4
1424660079816 3
1424660140591 5
1424660201368 5
1424660262146 4
1424660322988 5
1424660383772 7
1424660444588 5
1424660505393 5
1424660566088 4
1424660626858 3
1424660687685 4
1424660748496 4
1424660809252 3
1424660869987 4
1424660930864 3
1424660991699 7
1424661052639 3
1424661113411 4
1424661174153 3
1424661234891 4
1424661295627 4
1424661356480 3
1424661417343 4
1424661478086 4
1424661538825 4
1424661599564 9
1424661660382 5
1424661721309 5
1424661782066 5
1424661842783 5
1424661903471 5
1424661964271 5
1424662025128 5
1424662085927 5
1424662146727 3
1424662207482 7
1424662268314 4
1424662329118 3
1424662389961 4
1424662451713 3
1424662512414 4
1424662573205 3
1424662634135 3
1424662694917 3
1424662755681 3
1424662816384 3
1424662877129 4
1424662937962 4
1424662998679 3
1424663059446 4
1424663120200 3
1424663180962 3
1424663241727 3
1424663302515 3
1424663363233 4
1424663423986 5
1424663484889 3
1424663545746 5
1424663606567 5
1424663667368 5
1424663728191 5
1424663788980 4
1424663849854 4
1424663910793 4
1424663971582 3
1424664032425 5
1424664093216 5
1424664153957 3
1424664214783 4
1424664275530 4
1424664336349 4
1424664397113 4
1424664457926 3
1424664518808 4
1424664579653 3
1424664640528 4
1424664701273 3
1424664762008 5
1424664822879 6
1424664883717 3
1424664944494 4
1424665005206 3
1424665065991 4
1424665126763 3
1424665187520 4
1424665248337 4
1424665309116 4
1424665369837 4
1424665430599 4
1424665491367 3
1424665552164 3
1424665613016 3
1424665673821 4
1424665734620 4
1424665795391 3
1424665856258 5
1424665917074 3
1424665977843 4
1424666038646 4
1424666099376 4
1424666160112 3
1424666220984 4
1424666281789 4
1424666342569 4
1424666403294 4
1424666464052 3
1424666524886 3
1424666585650 4
1424666646455 4
1424666707234 5
1424666767992 5
1424666828859 4
1424666889696 5
1424666951030 5
1424667011770 5
1424667072463 5
1424667133306 4
1424667194145 4
1424667254928 4
1424667315707 4
1424667376464 3
1424667437284 4
1424667498082 4
1424667558941 5
1424667619772 3
1424667680550 3
1424667741311 4
1424667802093 3
1424667862914 4
1424667923779 4
1424667984542 4
1424668045310 4
1424668106032 6
1424668166750 4
1424668227647 4
1424668288452 5
1424668349170 3
1424668409857 4
1424668470635 3
1424668531757 3
1424668592546 3
1424668653279 4
1424668714108 7
1424668774916 4
1424668835805 3
1424668896582 3
1424668957334 3
1424669018076 4
1424669078900 3
1424669139716 4
1424669200572 5
1424669261431 3
1424669322210 7
1424669383058 5
1424669443888 5
1424669504670 6
1424669565518 5
1424669626327 3
1424669687096 4
1424669747870 5
1424669808605 4
1424669869397 3
1424669930220 8
1424669990995 4
1424670051737 3
1424670112404 4
1424670173111 4
1424670233970 3
1424670294718 4
1424670355508 4
1424670416275 4
1424670477108 3
1424670537867 6
1424670598661 4
1424670659456 5
1424670720276 4
1424670781100 3
1424670841991 3
1424670902796 3
1424670963573 3
1424671024277 4
1424671085060 3
1424671145913 6
1424671206688 4
1424671267418 3
1424671328157 4
1424671388989 3
1424671449762 4
1424671510597 4
1424671571367 5
1424671632040 5
1424671692859 5
1424671753615 9
1424671814365 5
1424671875199 4
1424671935946 4
1424671996745 3
1424672057572 4
1424672118288 4
1424672179115 3
1424672239851 4
1424672300695 4
1424672361575 8
1424672422383 4
1424672483333 4
1424672544084 3
1424672604833 3
1424672665730 4
1424672726478 4
1424672787321 3
1424672848046 3
1424672908873 3
1424672969701 3
1424673030382 4
1424673091121 3
1424673151906 4
1424673212787 3
1424673273613 4
1424673334464 3
1424673395243 5
1424673456006 3
1424673516780 5
1424673577675 7
1424673638491 5
1424673699283 5
1424673759989 5
1424673820757 4
1424673881562 4
1424673942526 4
1424674003223 5
1424674063966 4
1424674124817 4
1424674185586 4
1424674246555 3
1424674307454 3
1424674368247 3
1424674429165 3
1424674489947 4
1424674550823 3
1424674611781 3
1424674672751 4
1424674733701 3
1424674794426 6
1424674855336 4
1424674916163 5
1424674976943 5
1424675037698 7
1424675098448 5
1424675159358 5
1424675220117 5
1424675280898 4
1424675341666 4
1424675402444 7
1424675463330 4
1424675524198 3
1424675584925 3
1424675645773 3
1424675706531 4
1424675767508 4
1424675828421 4
1424675889104 5
1424675949858 5
1424676010776 7
1424676071663 4
1424676132606 4
1424676193340 4
1424676254045 4
1424676314755 3
1424676375485 3
1424676436404 4
1424676497169 4
1424676557908 4
1424676618615 8
1424676679444 4
1424676740266 5
1424676801150 5
1424676861930 5
1424676922714 5
1424676983428 4
1424677044313 5
1424677105168 3
1424677165881 3
1424677226730 6
1424677287459 4
1424677348376 3
1424677409075 3
1424677469745 4
1424677530531 4
1424677591269 4
1424677652082 3
1424677712844 3
1424677773594 5
1424677834322 6
1424677895090 5
1424677955909 3
1424678016671 3
1424678077473 3
1424678138197 3
1424678198886 4
1424678259767 5
1424678320573 5
1424678381306 5
1424678442018 9
1424678502708 6
1424678563573 5
1424678624426 5
1424678685250 3
1424678746037 3
1424678806808 4
1424678867602 4
1424678928358 4
1424678989179 4
1424679049875 3
1424679110659 3
1424679171535 4
1424679232327 4
1424679293156 4
1424679353881 3
1424679414731 4
1424679475474 3
1424679536246 3
1424679597054 3
1424679657854 3
1424679718626 3
1424679779385 5
1424679840211 3
1424679901118 4
1424679961955 5
1424680022696 4
1424680083406 6
1424680144157 4
1424680204942 4
1424680265835 4
1424680326598 4
1424680387416 3
1424680448342 5
1424680509097 4
1424680569891 3
1424680630640 3
1424680691413 4
1424680752205 4
1424680812965 3
1424680873777 3
1424680934508 4
1424680995361 3
1424681056068 3
1424681116761 3
1424681177663 4
1424681238465 4
1424681299175 3
1424681359953 5
1424681420657 4
1424681481594 3
1424681542337 5
1424681603084 3
1424681663786 5
1424681724563 4
1424681785403 4
1424681846139 5
1424681906890 3
1424681967661 4
1424682028402 4
1424682089263 4
1424682150108 5
1424682210815 3
1424682271529 4
1424682332236 4
1424682393050 4
1424682453920 3
1424682514708 8
1424682575414 4
1424682636160 5
1424682697072 4
1424682757861 4
1424682818592 3
1424682879380 5
1424682940190 4
1424683001017 5
1424683061815 5
1424683122558 7
1424683183237 6
1424683244000 4
1424683305118 3
1424683365877 4
1424683426671 3
1424683487381 4
1424683548084 5
1424683608914 5
1424683669729 8
1424683730503 9
1424683791211 3
1424683851964 4
1424683912728 4
1424683973507 5
1424684034300 3
1424684095033 3
1424684155709 4
1424684216495 4
1424684277392 3
1424684338122 9
1424684398912 3
1424684459633 3
1424684520327 3
1424684581153 6
1424684641925 4
1424684702593 4
1424684763298 4
1424684824004 3
1424684884910 4
1424684945728 8
1424685006455 4
1424685067126 5
1424685127866 3
1424685188610 4
1424685249435 5
1424685310159 4
1424685371133 3
1424685431819 3
1424685492718 4
1424685553517 7
1424685614316 3
1424685675058 4
1424685735821 4
1424685796538 4
1424685857426 3
1424685918219 4
1424685979281 4
1424686040031 4
1424686100762 3
1424686161504 8
1424686222252 3
1424686283113 5
1424686343852 4
1424686404613 3
1424686465551 4
1424686526343 4
1424686587177 3
1424686647933 4
1424686708686 4
1424686769448 4
1424686830267 4
1424686891018 4
1424686951853 4
1424687012551 3
1424687073291 4
1424687134064 3
1424687194765 4
1424687255545 3
1424687316300 3
1424687377014 3
1424687437867 3
1424687498623 4
1424687559428 4
1424687620223 3
1424687681026 3
1424687741719 6
1424687802427 4
1424687863210 4
1424687924051 4
1424687984893 4
1424688045644 4
1424688106472 3
1424688167213 5
1424688228028 4
1424688288853 4
1424688349672 4
1424688410737 3
1424688471468 3
1424688532209 3
1424688592981 5
1424688653782 4
1424688714617 5
1424688775322 4
1424688836026 5
1424688896869 4
1424688957620 4
1424689018403 5
1424689079122 4
1424689139866 8
1424689200712 3
1424689261567 4
1424689322337 3
1424689383123 4
1424689443868 3
1424689504715 3
1424689565478 3
1424689626191 3
1424689686966 3
1424689747800 3
1424689808593 4
1424689869434 3
1424689930214 3
1424689990989 4
1424690051712 3
1424690112488 3
1424690173398 4
1424690234261 4
1424690294987 3
1424690355735 3
1424690416511 3
1424690477347 4
1424690538124 3
1424690598850 4
1424690659584 4
1424690720362 5
1424690781214 5
1424690841949 10
1424690902680 3
1424690963440 4
1424691024214 5
1424691085029 3
1424691145800 3
1424691206532 3
1424691267280 3
1424691327989 4
1424691388864 3
1424691449909 8
1424691510828 4
1424691571749 3
1424691632476 4
1424691693212 4
1424691754173 3
1424691815019 3
1424691875819 4
1424691936607 3
1424691997346 4
1424692058206 7
1424692119069 5
1424692179953 3
1424692240751 4
1424692301437 4
1424692362177 4
1424692423043 4
1424692483993 4
1424692544836 4
1424692605630 3
1424692666437 7
1424692727340 4
1424692788266 4
1424692849009 4
1424692909824 3
1424692970579 5
1424693031385 3
1424693092246 4
1424693153007 3
1424693213700 4
1424693274428 9
1424693335344 4
1424693396175 3
1424693456932 4
1424693517688 4
1424693578385 5
1424693639122 5
1424693699988 5
1424693760847 5
1424693821662 4
1424693882356 3
1424693943053 5
1424694003797 4
1424694064656 4
1424694125377 3
1424694186069 4
1424694246839 4
1424694307650 3
1424694368472 4
1424694429229 3
1424694490010 4
1424694550778 4
1424694611494 3
1424694672341 4
1424694733225 4
1424694793986 4
1424694854701 4
1424694916507 4
1424694977227 4
1424695038035 3
1424695098926 4
1424695159723 4
1424695220420 3
1424695281188 6
1424695342095 5
1424695402905 6
1424695463662 4
1424695524417 5
1424695585329 5
1424695646240 4
1424695707022 6
1424695767780 4
1424695828452 3
1424695889206 5
1424695949962 3
1424696010701 4
1424696071398 3
1424696132119 3
1424696192827 3
1424696253630 3
1424696314353 3
1424696375109 3
1424696435795 3
1424696496494 3
1424696557287 3
1424696617986 3
1424696678845 4
1424696739629 4
1424696800388 3
1424696861198 4
1424696921973 4
1424696982752 3
1424697043598 4
1424697104356 3
1424697165136 4
1424697225918 6
1424697286721 4
1424697347488 5
1424697408407 4
1424697469255 5
1424697530021 4
1424697590738 3
1424697651429 4
1424697712189 6
1424697772925 5
1424697833749 3
1424697894479 4
1424697955262 8
1424698016031 4
1424698076902 3
1424698137730 4
1424698198492 4
1424698259242 3
1424698319952 3
1424698380673 4
1424698441538 3
1424698502269 5
1424698563060 8
1424698623769 4
1424698684515 4
1424698745417 3
1424698806173 3
1424698866920 5
1424698927707 3
1424698988425 3
1424699049351 4
1424699110061 6
1424699171010 10
1424699231851 3
1424699292655 4
1424699353561 4
1424699414353 6
1424699475062 4
1424699535800 5
1424699596592 4
1424699657345 4
1424699718196 3
1424699779127 8
1424699839858 4
1424699900607 4
1424699961416 5
1424700022177 6
1424700083008 5
1424700143798 5
1424700204549 3
1424700265456 3
1424700326290 5
1424700387047 4
1424700447838 3
1424700508542 5
1424700569303 4
1424700630109 3
1424700690899 3
1424700751792 3
1424700812543 4
1424700873306 4
1424700933987 4
1424700994809 3
1424701055874 4
1424701116690 5
1424701177375 5
1424701238109 4
1424701298813 7
1424701359611 5
1424701420452 6
1424701481181 6
1424701541943 5
1424701602815 5
1424701663563 5
1424701724438 4
1424701785161 4
1424701845884 4
1424701906699 3
1424701967406 4
1424702028274 4
1424702089122 3
1424702149794 4
1424702210547 4
1424702271272 4
1424702332028 4
1424702392880 4
1424702453636 5
1424702514394 5
1424702575081 4
1424702635887 4
1424702696608 5
1424702757363 3
1424702818128 4
1424702878867 4
1424702939666 4
1424703000351 3
1424703061090 3
1424703121989 3
1424703182754 5
1424703243584 3
1424703304440 3
1424703365182 4
1424703426045 4
1424703486777 3
1424703547643 5
1424703608422 4
1424703669098 5
1424703729832 5
1424703790525 4
1424703851409 3
1424703912127 4
1424703972878 4
1424704033626 3
1424704094348 3
1424704155186 4
1424704215934 4
1424704276704 3
1424704337433 3
1424704398136 3
1424704458942 7
1424704526699 3
1424704587433 4
1424704648217 3
1424704708931 3
1424704770155 4
1424704830874 4
1424704891724 3
1424704952523 3
1424705013275 5
1424705074187 7
1424705135010 4
1424705195711 4
1424705256443 4
1424705317224 3
1424705378063 3
1424705438816 3
1424705499594 5
1424705560336 3
1424705621037 5
1424705681805 6
1424705742676 5
1424705803461 4
1424705864261 3
1424705925012 4
1424705986175 3
1424706047021 4
1424706107932 3
1424706168710 4
1424706229652 4
1424706290464 8
1424706351238 5
1424706411998 4
1424706474272 3
1424706535045 3
1424706595730 3
1424706656541 3
1424706717262 4
1424706777999 3
1424706838824 4
1424706899578 7
1424706960520 4
1424707021286 4
1424707082091 3
1424707142869 4
1424707203753 5
1424707264963 3
1424707325730 4
1424707386481 4
1424707447208 4
1424707507902 7
1424707568741 4
1424707629555 3
1424707690510 3
1424707751264 3
1424707812037 3
1424707872890 4
1424707933635 3
1424707994403 4
1424708055175 3
1424708115902 7
1424708176705 3
1424708237530 4
1424708298301 3
1424708359070 3
1424708419799 3
1424708480644 4
1424708541538 5
1424708602384 4
1424708663137 5
1424708723826 7
1424708784630 3
1424708845387 4
1424708906221 4
1424708966944 3
1424709027638 5
1424709088450 5
1424709149274 5
1424709210095 4
1424709270861 4
1424709331629 4
1424709392358 5
1424709453121 5
1424709513980 4
1424709574770 5
1424709635530 4
1424709696232 4
1424709757044 3
1424709817862 4
1424709878676 4
1424709939445 3
1424710000143 5
1424710060907 4
1424710121702 3
1424710182479 5
1424710243266 4
1424710304032 3
1424710364872 4
1424710425675 4
1424710486458 5
1424710547277 3
1424710608019 4
1424710668769 3
1424710729551 3
1424710790272 3
1424710851010 3
1424710911828 4
1424710972517 4
1424711033354 4
1424711094049 3
1424711154805 5
1424711215731 6
1424711276527 5
1424711337268 5
1424711397979 5
1424711458778 5
1424711519639 5
1424711580495 4
1424711641248 4
1424711701930 4
1424711762675 4
1424711823542 4
1424711884357 3
1424711945057 4
1424712005864 3
1424712066535 3
1424712127278 4
1424712188077 4
1424712248925 4
1424712309676 3
1424712370509 3
1424712431345 3
1424712492220 3
1424712552962 3
1424712613692 4
1424712674408 3
1424712735136 3
1424712795926 4
1424712856694 5
1424712917433 5
1424712978256 3
1424713039017 3
1424713099761 5
1424713160584 4
1424713221436 5
1424713282370 5
1424713343160 5
1424713403870 5
1424713464606 3
1424713525335 5
1424713586074 4
1424713646813 5
1424713707672 3
1424713768435 4
1424713829198 4
1424713889990 3
1424713950816 3
1424714011542 7
1424714072203 3
1424714132992 3
1424714193789 3
1424714254594 4
1424714315360 5
1424714376064 4
1424714436837 3
1424714497822 3
1424714558630 4
1424714619346 9
1424714680107 4
1424714740988 4
1424714801922 4
1424714862676 4
1424714923353 4
1424714984289 4
1424715045140 3
1424715105948 5
1424715166727 4
1424715227474 8
1424715288293 4
1424715349133 5
1424715409840 4
1424715470681 4
1424715531416 4
1424715592233 3
1424715652957 4
1424715713682 3
1424715774506 4
1424715835270 8
1424715896041 4
1424715956782 4
1424716017536 3
1424716078413 3
1424716139198 4
1424716199964 3
1424716260677 3
1424716321501 3
1424716382367 3
1424716443137 4
1424716503885 4
1424716564705 4
1424716625989 4
1424716686847 4
1424716747617 3
1424716808337 3
1424716869039 3
1424716929748 4
1424716990507 3
1424717051319 3
1424717112118 4
1424717172840 3
1424717233538 4
1424717294271 3
1424717355062 5
1424717415790 4
1424717476589 4
1424717537366 4
1424717598182 4
1424717659093 4
1424717719828 4
1424717780586 4
1424717841340 4
1424717902079 3
1424717962882 4
1424718023664 5
1424718084425 4
1424718145165 3
1424718205915 3
1424718266772 4
1424718327567 5
1424718388389 3
1424718449077 3
1424718509809 4
1424718570597 3
1424718631392 3
1424718692171 3
1424718752894 3
1424718813558 3
1424718874333 3
1424718935086 3
1424718995816 4
1424719056640 3
1424719117308 3
1424719178059 3
1424719239898 4
1424719300771 4
1424719361531 4
1424719422304 3
1424719483019 5
1424719543930 4
1424719604816 4
1424719665580 3
1424719727603 4
1424719788430 4
1424719849208 4
1424719910064 5
1424719970801 3
1424720031561 3
1424720092299 4
1424720153156 5
1424720213918 4
1424720274693 3
1424720335412 4
1424720396162 4
1424720456908 3
1424720517662 3
1424720578512 4
1424720639237 3
1424720699975 3
1424720760784 3
1424720821675 4
1424720882459 4
1424720943251 3
1424721004061 5
1424721064849 4
1424721125693 4
1424721186485 4
1424721247210 4
1424721308016 4
1424721368745 4
1424721429531 6
1424721490305 4
1424721551039 3
1424721611881 5
1424721675493 5
1424721736259 7
1424721796989 4
1424721857707 5
1424721918525 4
1424721979325 5
1424722040043 4
1424722100896 4
1424722161649 3
1424722222521 4
1424722283193 3
1424722343975 8
1424722404761 4
1424722465523 3
1424722526365 4
1424722587097 3
1424722647857 4
1424722708770 3
1424722769595 5
1424722830477 4
1424722891235 4
1424722952113 8
1424723012965 3
1424723073852 4
1424723134666 3
1424723195539 4
1424723256319 4
1424723317068 4
1424723377858 4
1424723438677 4
1424723499486 3
1424723560246 8
1424723621019 5
1424723681859 3
1424723742691 3
1424723803430 5
1424723864138 5
1424723924852 4
1424723985607 4
1424724046371 4
1424724107166 4
1424724167870 4
1424724228654 3
1424724289591 5
1424724350446 4
1424724411225 4
1424724471992 4
1424724532779 5
1424724593570 4
1424724654340 4
1424724715234 3
1424724775965 4
1424724836674 4
1424724897467 4
1424724958132 3
1424725018980 4
1424725079738 3
1424725140559 3
1424725201290 4
1424725262101 3
1424725322976 3
1424725383769 4
1424725444670 3
1424725505401 4
1424725566811 4
1424725627674 4
1424725688511 5
1424725749407 4
1424725810234 4
1424725870964 3
1424725931797 4
1424725992850 4
1424726053639 4
1424726114422 5
1424726175285 4
1424726236101 4
1424726297034 6
1424726357860 3
1424726418647 3
1424726479510 4
1424726540269 5
1424726601228 4
1424726661950 4
1424726722695 5
1424726783543 4
1424726844317 5
1424726905274 4
1424726966043 4
1424727026806 4
1424727087501 8
1424727148295 3
1424727209091 4
1424727269930 4
1424727330723 4
1424727391451 4
1424727452257 3
1424727513259 5
1424727575268 4
1424727643419 4
1424727761422 3
1424727916620 3
1424728015385 5
1424728105554 5
1424728184782 5
1424728265887 3
1424728344525 5
1424728420787 4
1424728495204 5
1424728563871 4
1424728630827 5
1424728697480 3
1424728774823 5
1424728845658 3
1424728914527 4
1424728975545 4
1424729036215 4
1424729096988 3
1424729157914 4
1424729231488 3
1424729300139 4
1424729360946 6
1424729421674 3
1424729482642 5
1424729543472 5
1424729604259 4
1424729665038 4
1424729725782 4
1424729786714 6
1424729847558 27
1424729908342 5
1424729969089 3
1424730029844 4
1424730090616 3
1424730151468 4
1424730212291 3
1424730273036 4
1424730333906 4
1424730394627 4
1424730455417 4
1424730516269 4
1424730577080 3
1424730637909 3
1424730698635 5
1424730759403 3
1424730820196 5
1424730881112 4
1424730941867 3
1424731002993 3
1424731064019 4
1424731124984 5
1424731185857 5
1424731246718 3
1424731307515 4
1424731368332 4
1424731429469 3
1424731490304 4
1424731551167 4
1424731611844 4
1424731672591 6
1424731733398 4
1424731794186 4
1424731855032 5
1424731915886 5
1424731976687 5
1424732037450 3
1424732098210 4
1424732159037 4
1424732219744 4
1424732280616 7
1424732341411 3
1424732402281 4
1424732463075 5
1424732523832 3
1424732584701 4
1424732645421 4
1424732706218 4
1424732767048 4
1424732827864 4
1424732888801 7
1424732949620 3
1424733010548 3
1424733071378 5
1424733132136 3
1424733192884 8
1424733253797 4
1424733314576 4
1424733375444 3
1424733436302 6
1424733497077 9
1424733557949 4
1424733618708 5
1424733679625 4
1424733740389 5
1424733801228 5
1424733861966 4
1424733922775 3
1424733983631 3
1424734044426 5
1424734105219 6
1424734165889 5
1424734226814 3
1424734287553 3
1424734348305 3
1424734409084 4
1424734469945 4
1424734530758 3
1424734591531 5
1424734652404 3
1424734713309 4
1424734774106 3
1424734834981 3
1424734895681 4
1424734956571 4
1424735017477 5
1424735078434 3
1424735139205 5
1424735200008 3
1424735260958 3
1424735321926 8
1424735382730 4
1424735443454 4
1424735504233 4
1424735565127 5
1424735625967 5
1424735686864 4
1424735747647 4
1424735808363 5
1424735869298 4
1424735930310 6
1424735991216 4
1424736051936 4
1424736112623 4
1424736173473 5
1424736234436 5
1424736295413 4
1424736356140 4
1424736416950 4
1424736477736 4
1424736538580 7
1424736599439 5
1424736660282 3
1424736721046 3
1424736781809 4
1424736842781 3
1424736903597 4
1424736964294 3
1424737025021 4
1424737085866 4
1424737146684 7
1424737207540 4
1424737268291 3
1424737329065 3
1424737389815 5
1424737450899 4
1424737511717 3
1424737572461 4
1424737633264 4
1424737694070 4
1424737754998 9
1424737815764 5
1424737876637 5
1424737937442 4
1424737998227 4
1424738059067 4
1424738119897 6
1424738180692 3
1424738241455 5
1424738302325 4
1424738363290 8
1424738424065 5
1424738484836 3
1424738545615 3
1424738606485 3
1424738667325 3
1424738728184 3
1424738788971 4
1424738849650 3
1424738910425 3
1424738971212 7
1424739032033 3
1424739092829 5
1424739153674 3
1424739214544 4
1424739275215 4
1424739336095 4
1424739396799 3
1424739457574 5
1424739518405 4
1424739579223 8
1424739640138 4
1424739701123 4
1424739761967 5
1424739822730 4
1424739883568 5
1424739944456 4
1424740005405 4
1424740066243 5
1424740127017 3
1424740187749 9
1424740248682 5
1424740309492 4
1424740370284 5
1424740431054 3
1424740491819 3
1424740552598 4
1424740613381 4
1424740674237 5
1424740735076 3
1424740795889 4
1424740858249 3
1424740919488 4
1424740980379 4
1424741041236 4
1424741102000 3
1424741162838 4
1424741223736 3
1424741284524 3
1424741345401 3
1424741406209 4
1424741467043 4
1424741527881 3
1424741588678 3
1424741649516 3
1424741710307 4
1424741771056 3
1424741831748 4
1424741892566 3
1424741953493 3
1424742014316 4
1424742075120 4
1424742135882 4
1424742196771 4
1424742257779 4
1424742318659 5
1424742379509 4
1424742440310 5
1424742501046 5
1424742561972 5
1424742622775 6
1424742683514 5
1424742744610 4
1424742805362 3
1424742866266 4
1424742927159 3
1424742987993 4
1424743048740 3
1424743109589 5
1424743170505 3
1424743231351 5
1424743292186 4
1424743353010 5
1424743413993 4
1424743474883 4
1424743535648 3
1424743596443 4
1424743657250 4
1424743718012 3
1424743778994 4
1424743839796 3
1424743900659 4
1424743961560 4
1424744022285 4
1424744083249 5
1424744144151 6
1424744204924 5
1424744265785 5
1424744326634 5
1424744387541 5
1424744448546 5
1424744509373 5
1424744570129 3
1424744630907 3
1424744691854 3
1424744752731 5
1424744813634 4
1424744874403 3
1424744935131 5
1424744995895 3
1424745056736 4
1424745117654 3
1424745178472 3
1424745239253 3
1424745300035 3
1424745360809 4
1424745421708 3
1424745482471 3
1424745543203 3
1424745603961 3
1424745664803 4
1424745725675 4
1424745786555 3
1424745847365 3
1424745908155 3
1424745969026 3
1424746029946 3
1424746090932 3
1424746151744 4
1424746212469 4
1424746273342 4
1424746334189 4
1424746395025 7
1424746455793 4
1424746516496 5
1424746577228 3
1424746638046 5
1424746698920 3
1424746759704 4
1424746820510 3
1424746881293 3
1424746942139 3
1424747002983 3
1424747063899 3
1424747124721 4
1424747185527 3
1424747246361 3
1424747307209 4
1424747368102 3
1424747429035 4
1424747489740 4
1424747550467 3
1424747611276 3
1424747671998 3
1424747732961 4
1424747793748 3
1424747854493 3
1424747915190 3
1424747976075 3
1424748036871 3
1424748097631 3
1424748158380 3
1424748219226 4
1424748280107 3
1424748340999 5
1424748401812 5
1424748462566 5
1424748523314 5
1424748584172 5
1424748645014 4
1424748705796 5
1424748766552 3
1424748827352 5
1424748888238 3
1424748949043 3
1424749009836 6
1424749070611 4
1424749131407 3
1424749192223 3
1424749253111 3
1424749313901 3
1424749374686 3
1424749435634 4
1424749496533 4
1424749557486 4
1424749618242 3
1424749679162 4
1424749739930 3
1424749800661 3
1424749861409 3
1424749922220 3
1424749983200 3
1424750043923 3
1424750104642 4
1424750165450 3
1424750226205 4
1424750287102 4
1424750347931 4
1424750408715 3
1424750469497 3
1424750530276 3
1424750591101 3
1424750651883 4
1424750712675 5
1424750773458 4
1424750834261 5
1424750895139 5
1424750955969 4
1424751016738 4
1424751077545 5
1424751138358 5
1424751199153 4
1424751259909 4
1424751320679 3
1424751381524 4
1424751442492 3
1424751503431 4
1424751564202 4
1424751624973 4
1424751685788 3
1424751746644 4
1424751807417 3
1424751868178 4
1424751928948 4
1424751989778 4
1424752050581 3
1424752111360 3
1424752172258 4
1424752233098 3
1424752293941 4
1424752354808 5
1424752415636 5
1424752476422 3
1424752537333 5
1424752598108 5
1424752658890 4
1424752719685 5
1424752780560 8
1424752841381 4
1424752902124 4
1424752962943 5
1424753023716 4
1424753084450 4
1424753145290 4
1424753206486 4
1424753267286 4
1424753328257 3
1424753388993 7
1424753449791 5
1424753510556 5
1424753571271 4
1424753632059 3
1424753692868 3
1424753753579 3
1424753814350 3
1424753875062 4
1424753935823 4
1424753996658 6
1424754057434 4
1424754118271 8
1424754179169 3
1424754239939 6
1424754300741 3
1424754361493 5
1424754422323 4
1424754486018 4
1424754546819 4
1424754607646 6
1424754668485 5
1424754729302 3
1424754790167 3
1424754851135 3
1424754911948 4
1424754972741 4
1424755033536 4
1424755094362 4
1424755155306 4
1424755216168 9
1424755276897 3
1424755337738 3
1424755398517 4
1424755459256 4
1424755520016 3
1424755580782 5
1424755641612 4
1424755702407 3
1424755763181 3
1424755823966 6
1424755884715 3
1424755945559 4
1424756006417 5
1424756067344 4
1424756128298 5
1424756189216 5
1424756250156 4
1424756311098 3
1424756372028 4
1424756432974 5
1424756493886 4
1424756554847 4
1424756615823 4
1424756676603 3
1424756737406 4
1424756798216 3
1424756859040 4
1424756919832 4
1424756980657 3
1424757041638 4
1424757102482 4
1424757163487 4
1424757224328 3
1424757285625 4
1424757346569 4
1424757407397 5
1424757468276 3
1424757529025 4
1424757589801 3
1424757650493 4
1424757711221 4
1424757772634 4
1424757833369 4
1424757894113 5
1424757954951 4
1424758015677 4
1424758076538 3
1424758137390 4
1424758198232 4
1424758259020 4
1424758319753 4
1424758380581 4
1424758441440 3
1424758502283 3
1424758563002 4
1424758623742 7
1424758684560 3
1424758745403 3
1424758806149 3
1424758866832 6
1424758927665 3
1424758988928 3
1424759049845 3
1424759110665 3
1424759171450 4
1424759232204 4
1424759293077 3
1424759354035 3
1424759414900 5
1424759475656 5
1424759536558 5
1424759597404 3
1424759658241 4
1424759719094 3
1424759779921 5
1424759840860 5
1424759901656 5
1424759962497 3
1424760023404 3
1424760084269 4
1424760145218 3
1424760205920 5
1424760266604 4
1424760327344 5
1424760388129 4
1424760448889 3
1424760509756 3
1424760570589 4
1424760631435 4
1424760692163 7
1424760752917 3
1424760813679 5
1424760874383 3
1424760935250 3
1424760996012 3
1424761056885 3
1424761117632 5
1424761178389 5
1424761239160 4
1424761299874 9
1424761360703 5
1424761421562 4
1424761482342 5
1424761543124 5
1424761603834 4
1424761664638 4
1424761725418 5
1424761786255 4
1424761847107 3
1424761907890 7
1424761968631 4
1424762029331 5
1424762090173 4
1424762151074 4
1424762211825 3
1424762272546 4
1424762333237 5
1424762394117 3
1424762454894 4
1424762515735 8
1424762576472 5
1424762637228 4
1424762698014 3
1424762758808 4
1424762819573 4
1424762880294 4
1424762941015 3
1424763001855 3
1424763062713 4
1424763123541 6
1424763184311 4
1424763245179 3
1424763305941 5
1424763366922 3
1424763427678 4
1424763488555 3
1424763549304 3
1424763610014 3
1424763670790 4
1424763731606 10
1424763792356 3
1424763853126 3
1424763913968 4
1424763974688 4
1424764035471 4
1424764096151 3
1424764156879 4
1424764217639 4
1424764278447 4
1424764339359 7
1424764400120 3
1424764460807 3
1424764521596 3
1424764582406 3
1424764643199 4
1424764704024 4
1424764764766 4
1424764825504 6
1424764886316 4
1424764947064 7
1424765007930 4
1424765068697 5
1424765129406 5
1424765190292 5
1424765251151 4
1424765311953 4
1424765372732 5
1424765433439 4
1424765494168 3
1424765554916 4
1424765615759 3
1424765676511 4
1424765737256 4
1424765798045 5
1424765858810 4
1424765919627 4
1424765980442 3
1424766041216 5
1424766101955 4
1424766162735 5
1424766223584 6
1424766284434 4
1424766345115 6
1424766405957 4
1424766466655 5
1424766527540 5
1424766588486 4
1424766649256 5
1424766709996 4
1424766770724 3
1424766831443 5
1424766892336 5
1424766953175 3
1424767013903 3
1424767074639 4
1424767135526 4
1424767196737 3
1424767257838 3
1424767318797 4
1424767379500 3
1424767440244 3
1424767501084 4
1424767561919 3
1424767622645 4
1424767683338 3
1424767744036 3
1424767804911 4
1424767865692 3
1424767926403 3
1424767987073 3
1424768047783 5
1424768108688 3
1424768169440 3
1424768230200 4
1424768291150 5
1424768351852 5
1424768412816 3
1424768473590 4
1424768534283 4
1424768595022 4
1424768655770 4
1424768716550 4
1424768777369 3
1424768838140 4
1424768898836 3
1424768959503 3
1424769020369 4
1424769081158 4
1424769141897 4
1424769202617 3
1424769263379 4
1424769324208 4
1424769385065 3
1424769445788 4
1424769506509 3
1424769567354 4
1424769628076 7
1424769688874 4
1424769749629 4
1424769810366 4
1424769871191 5
1424769932018 6
1424769992775 5
1424770053722 5
1424770114408 5
1424770175201 3
1424770235991 7
1424770296706 3
1424770357781 4
1424770418531 3
1424770479224 5
1424770539951 4
1424770600681 4
1424770661524 3
1424770722361 3
1424770783109 3
1424770843804 8
1424770904552 5
1424770965426 4
1424771026229 4
1424771087030 4
1424771147851 4
1424771208579 4
1424771269459 3
1424771330319 4
1424771391239 5
1424771451920 9
1424771512637 5
1424771573524 5
1424771634347 4
1424771695094 4
1424771755822 4
1424771816567 4
1424771877309 4
1424771938182 4
1424771998985 4
1424772059683 8
1424772120403 4
1424772181159 3
1424772242000 3
1424772302844 4
1424772363575 4
1424772424265 3
1424772484982 3
1424772545930 4
1424772606707 4
1424772667577 7
1424772728387 3
1424772789099 3
1424772849910 4
1424772910727 3
1424772971520 4
1424773032192 3
1424773093016 3
1424773153851 5
1424773214648 4
1424773275501 4
1424773336243 4
1424773397009 5
1424773457804 3
1424773518598 5
1424773579373 3
1424773640165 4
1424773700891 4
1424773761687 5
1424773822511 4
1424773883334 4
1424773944073 3
1424774004746 5
1424774065548 3
1424774126522 3
1424774187373 3
1424774248074 5
1424774308793 3
1424774369617 4
1424774430519 3
1424774491219 3
1424774551993 3
1424774612825 4
1424774673517 3
1424774734307 4
1424774795168 4
1424774855898 4
1424774916605 4
1424774977350 4
1424775038114 3
1424775098993 5
1424775159703 4
1424775220478 5
1424775281221 4
1424775342037 5
1424775402935 5
1424775463684 5
1424775524481 5
1424775585326 5
1424775646065 3
1424775706887 4
1424775767743 3
1424775828547 5
1424775889366 5
1424775950130 4
1424776010962 4
1424776071726 4
1424776132528 7
1424776193317 3
1424776254012 3
1424776314823 3
1424776375609 3
1424776436283 3
1424776497054 5
1424776557776 5
1424776618624 4
1424776679374 4
1424776740082 7
1424776800916 4
1424776861667 5
1424776922491 3
1424776983211 4
1424777043963 3
1424777104828 4
1424777165679 5
1424777226447 4
1424777287259 5
1424777348099 7
1424777409061 4
1424777469962 3
1424777531063 4
1424777591896 5
1424777652725 5
1424777713678 5
1424777774484 5
1424777835279 5
1424777896032 5
1424777956793 8
1424778017607 4
1424778078410 4
1424778139443 5
1424778200278 3
1424778261056 3
1424778321808 4
1424778382643 3
1424778443633 3
1424778504427 3
1424778565198 8
1424778626075 3
1424778686943 3
1424778747696 3
1424778808442 4
1424778869178 4
1424778929941 3
1424778990628 5
1424779051520 4
1424779112320 5
1424779173050 8
1424779233808 4
1424779294535 3
1424779355396 4
1424779416191 3
1424779477037 3
1424779537835 4
1424779598665 3
1424779659463 4
1424779720298 3
1424779781043 10
1424779841772 5
1424779902584 5
1424779963348 4
1424780024240 4
1424780085077 5
1424780145783 4
1424780206537 4
1424780267311 5
1424780328162 5
1424780388906 7
1424780449609 4
1424780510393 3
1424780571055 5
1424780631948 4
1424780692795 4
1424780753525 7
1424780814232 5
1424780874973 4
1424780935942 4
1424780996820 7
1424781057694 4
1424781118387 4
1424781179088 3
1424781240054 3
1424781300829 4
1424781361690 4
1424781422614 3
1424781483294 3
1424781544205 3
1424781605138 7
1424781665958 3
1424781726836 4
1424781787513 3
1424781848460 3
1424781909387 5
1424781970296 5
1424782031185 4
1424782092018 4
1424782152693 4
1424782213473 8
1424782274324 4
1424782335145 4
1424782395921 4
1424782456750 4
1424782517509 3
1424782578297 3
1424782639320 4
1424782700169 4
1424782761079 4
1424782821923 3
1424782882789 3
1424782943691 4
1424783004486 3
1424783065342 4
1424783126232 4
1424783187029 3
1424783248119 4
1424783308923 4
1424783369646 4
1424783430405 4
1424783491228 4
1424783552019 4
1424783612896 4
1424783673761 4
1424783734600 5
1424783795300 3
1424783856049 5
1424783916867 5
1424783977595 4
1424784038476 5
1424784099160 4
1424784159984 3
1424784220815 4
1424784281632 4
1424784342392 4
1424784403085 3
1424784463941 3
1424784524711 4
1424784585455 5
1424784646351 3
1424784707111 4
1424784768007 4
1424784828798 4
1424784889528 3
1424784950250 4
1424785010947 3
1424785071738 3
1424785132485 3
1424785193320 5
1424785254088 7
1424785314841 3
1424785375661 4
1424785436519 3
1424785497279 4
1424785558074 3
1424785618754 4
1424785679775 5
1424785740569 4
1424785801309 4
1424785862099 352
1424785923214 5
1424785984058 3
1424786044831 6
1424786105646 5
1424786166366 4
1424786227128 5
1424786287898 3
1424786348649 3
1424786409439 4
1424786470172 4
1424786531158 3
1424786592101 4
1424786652974 4
1424786713722 4
1424786774432 4
1424786835239 3
1424786896057 3
1424786956918 3
1424787017758 3
1424787078460 6
1424787139159 3
1424787199973 3
1424787260788 5
1424787321650 3
1424787382388 3
1424787443077 4
1424787503838 4
1424787564595 3
1424787625355 4
1424787686182 6
1424787746954 4
1424787807724 5
1424787868494 4
1424787929343 5
1424787990281 3
1424788051054 4
1424788111846 4
1424788172733 4
1424788233523 4
1424788294233 8
1424788354917 5
1424788415644 4
1424788476469 4
1424788537307 3
1424788598084 4
1424788658825 3
1424788719514 3
1424788780343 4
1424788841170 5
1424788901996 4
1424788962712 4
1424789023450 5
1424789084279 4
1424789145049 5
1424789205848 4
1424789266556 3
1424789327377 3
1424789388173 4
1424789449058 3
1424789509881 3
1424789570677 3
1424789631438 4
1424789692174 3
1424789752973 3
1424789813844 4
1424789874663 4
1424789935368 5
1424789996168 4
1424790056929 4
1424790117816 5
1424790178675 4
1424790239441 4
1424790300173 5
1424790360948 3
1424790421842 5
1424790483016 4
1424790543779 3
1424790604493 4
1424790665227 4
1424790726084 3
1424790786820 3
1424790847646 3
1424790908372 4
1424790969074 4
1424791029864 4
1424791090769 4
1424791151637 3
1424791212367 4
1424791273122 4
1424791333903 3
1424791394782 3
1424791455641 3
1424791516436 5
1424791577228 3
1424791637983 4
1424791698788 4
1424791759645 5
1424791820480 4
1424791881236 4
1424791942061 4
1424792002829 4
1424792063644 5
1424792124472 4
1424792185318 5
1424792246139 5
1424792306881 4
1424792367687 4
1424792428484 3
1424792489240 5
1424792550269 5
1424792611062 4
1424792671771 4
1424792732443 4
1424792793196 4
1424792853981 3
1424792914720 3
1424792975498 8
1424793036178 3
1424793096964 3
1424793157784 3
1424793218606 4
1424793279419 3
1424793340131 4
1424793400893 4
1424793461706 4
1424793522561 4
1424793583276 8
1424793643985 5
1424793704773 4
1424793765557 5
1424793826364 4
1424793887190 5
1424793947969 3
1424794008708 3
1424794069496 4
1424794130257 5
1424794191174 8
1424794251881 4
1424794312736 4
1424794373468 3
1424794434203 5
1424794495017 5
1424794555694 4
1424794616501 5
1424794677291 3
1424794738138 4
1424794798922 8
1424794859707 4
1424794920531 5
1424794981401 7
1424795042240 4
1424795102934 4
1424795163703 4
1424795224500 3
1424795285324 3
1424795346044 4
1424795406772 8
1424795467608 4
1424795528441 4
1424795589379 4
1424795650119 4
1424795711116 4
1424795772036 5
1424795832795 4
1424795893675 4
1424795954469 4
1424796015301 7
1424796076562 4
1424796137433 4
1424796198303 5
1424796259174 4
1424796320000 4
1424796380733 5
1424796441569 5
1424796502284 4
1424796563175 4
1424796624032 9
1424796684867 6
1424796745608 4
1424796806353 4
1424796867190 4
1424796928036 3
1424796988911 4
1424797049730 3
1424797110449 4
1424797171126 3
1424797231968 7
1424797292707 4
1424797353479 4
1424797414287 3
1424797475045 4
1424797535917 4
1424797596757 4
1424797657533 3
1424797718387 4
1424797779077 4
1424797839871 4
1424797900775 4
1424797961621 3
1424798022458 3
1424798083140 4
1424798143876 5
1424798204931 6
1424798265777 4
1424798326612 4
1424798387412 5
1424798448293 4
1424798509042 5
1424798569846 5
1424798630594 4
1424798691265 3
1424798752109 4
1424798812902 4
1424798873690 4
1424798934356 4
1424798995177 4
1424799056064 4
1424799116806 3
1424799177506 4
1424799238232 3
1424799299011 5
1424799359849 4
1424799420580 4
1424799481344 3
1424799542133 4
1424799602880 4
1424799663648 4
1424799724511 3
1424799785358 4
1424799846104 3
1424799906872 4
1424799967583 4
1424800028319 4
1424800089138 4
1424800149963 4
1424800211006 5
1424800271822 4
1424800332608 4
1424800393465 4
1424800454227 5
1424800515036 5
1424800575833 4
1424800636593 4
1424800697397 4
1424800758328 3
1424800819192 4
1424800879894 4
1424800940677 4
1424801001528 3
1424801062368 4
1424801123162 5
1424801183922 4
1424801244692 3
1424801305523 4
1424801366322 5
1424801427196 3
1424801487979 4
1424801548795 5
1424801609584 3
1424801670449 4
1424801731190 4
1424801792002 3
1424801852824 4
1424801913602 8
1424801974460 3
1424802035208 3
1424802095939 5
1424802156795 4
1424802217633 4
1424802278407 5
1424802339171 5
1424802399975 4
1424802460875 4
1424802521754 7
1424802582506 4
1424802643314 4
1424802704072 4
1424802764889 5
1424802825636 4
1424802886405 5
1424802947382 4
1424803008154 4
1424803068907 4
1424803129649 8
1424803190447 4
1424803251306 4
1424803312206 4
1424803373015 4
1424803433797 5
1424803494622 4
1424803555518 5
1424803616301 3
1424803677099 3
1424803737781 9
1424803798572 4
1424803859439 4
1424803920227 5
1424803981009 4
1424804041760 3
1424804102441 4
1424804163304 4
1424804224083 4
1424804284836 4
1424804345569 6
1424804406290 5
1424804467189 3
1424804527922 4
1424804588731 4
1424804649461 3
1424804710209 3
1424804771253 3
1424804832072 4
1424804892796 5
1424804953497 8
1424805014252 4
1424805075110 4
1424805135882 5
1424805196679 4
1424805257435 3
1424805318157 5
1424805379048 5
1424805439817 5
1424805500511 4
1424805561247 4
1424805622054 4
1424805682947 3
1424805744061 3
1424805804789 4
1424805865553 4
1424805926392 4
1424805987223 4
1424806047959 5
1424806108715 4
1424806169481 4
1424806230393 3
1424806291209 3
1424806351994 3
1424806412772 3
1424806473544 4
1424806534241 4
1424806595043 4
1424806655781 4
1424806716651 4
1424806777406 3
1424806838172 4
1424806899006 4
1424806959761 3
1424807020588 6
1424807081444 6
1424807142221 5
1424807203015 5
1424807263794 4
1424807324564 4
1424807385380 5
1424807446163 4
1424807506938 5
1424807567710 4
1424807628451 4
1424807689240 5
1424807750123 3
1424807810874 5
1424807871564 4
1424807932352 4
1424807993119 4
1424808053989 9
1424808114741 4
1424808175497 4
1424808236226 3
1424808296960 3
1424808357717 3
1424808418482 6
1424808479306 4
1424808540044 4
1424808600808 3
1424808661572 3
1424808722447 3
1424808783321 4
1424808844052 4
1424808904785 3
1424808965513 5
1424809026248 4
1424809087082 3
1424809148335 4
1424809209114 4
1424809269876 4
1424809330842 4
1424809391670 4
1424809452506 5
1424809513231 3
1424809574073 4
1424809634918 8
1424809695659 6
1424809756489 4
1424809817376 4
1424809878110 5
1424809938927 4
1424809999687 4
1424810060510 4
1424810121240 5
1424810182117 4
1424810242848 3
1424810303533 3
1424810364355 5
1424810425156 5
1424810485931 3
1424810546794 3
1424810607529 4
1424810668308 3
1424810729077 4
1424810790033 3
1424810850864 7
1424810911646 4
1424810972467 3
1424811033382 4
1424811094151 3
1424811154923 4
1424811215658 3
1424811276468 4
1424811337252 4
1424811398055 4
1424811458826 7
1424811519644 4
1424811580419 4
1424811641249 4
1424811702026 4
1424811762904 4
1424811823769 5
1424811884538 5
1424811945336 3
1424812006030 4
1424812066805 8
1424812127578 6
1424812188471 4
1424812249288 5
1424812310071 6
1424812370915 4
1424812431741 4
1424812492594 4
1424812553325 3
1424812614067 3
1424812674795 7
1424812735598 4
1424812796414 3
1424812857364 4
1424812918059 4
1424812978772 4
1424813039562 3
1424813100399 4
1424813161193 3
1424813222043 3
1424813282822 3
1424813343589 4
1424813404415 3
1424813465261 3
1424813526046 3
1424813586874 3
1424813647604 5
1424813708478 3
1424813769252 4
1424813830092 3
1424813891042 4
1424813951912 4
1424814012722 4
1424814073403 5
1424814134192 4
1424814195017 3
1424814255734 4
1424814316504 4
1424814377426 3
1424814438183 4
1424814498985 4
1424814559741 5
1424814620527 3
1424814681353 6
1424814742169 4
1424814802978 4
1424814863751 5
1424814924448 4
1424814985299 4
1424815046228 3
1424815106962 3
1424815167699 4
1424815228531 4
1424815289329 4
1424815350133 3
1424815410860 5
1424815471646 3
1424815532386 3
1424815593253 3
1424815653950 3
1424815714728 5
1424815775562 4
1424815836348 3
1424815897169 4
1424815957925 3
1424816018639 4
1424816079424 3
1424816140206 4
1424816201009 5
1424816261724 4
1424816322465 4
1424816383299 4
1424816444158 4
1424816504903 4
1424816565768 3
1424816626473 4
1424816687244 5
1424816748164 8
1424816809064 4
1424816869839 4
1424816930584 3
1424816991336 5
1424817052179 5
1424817112915 4
1424817173734 4
1424817234465 4
1424817295165 5
1424817355953 7
1424817416784 3
1424817477512 4
1424817538325 5
1424817599105 6
1424817660006 4
1424817720786 4
1424817781669 3
1424817842443 4
1424817903194 5
1424817963997 7
1424818024857 3
1424818085624 4
1424818146391 3
1424818207186 3
1424818267988 4
1424818328752 4
1424818389658 3
1424818450502 3
1424818511250 3
1424818571974 6
