3
33
5
4
27
8
5
8
2
21
4
1
4
7
9
3
38
4
96
4
45
5
11
26
3
22
21
14
20
12
15
11
15
15
14
15
4
15
14
15
15
14
15
3
7
14
14
1
3
15
14
14
15
9
12
12
3
258
15
15
12
15
14
15
15
14
15
15
14
3
15
15
15
3
14
4
4
15
15
14
123
6
1
17
3
4
12
3
12
3
4
12
4
48
3
14
12
12
4
3
6
4
48
8
3
8
4
8
5
4
3
3
7
10
4
3
8
3
3
12
4
7
14
3
8
15
3
4
5
4
8
3
13
4
3
3
3
5
3
4
70
4
4
4
10
3
3
4
5
5
5
3
6
3
4
4
4
16
19
17
4
17
3
6
8
68
7
33
11
29
7
4
10
12
3
3
7
9
4
7
15
4
15
5
3
3
8
7
3
6
3
3
13
7
9
3
23
3
3
5
10
11
5
17
19
4
3
15
15
9
4
11
13
29
3
12
19
19
22
4
14
4
19
2
3
13
3
20
4
18
3
3
4
2
29
3
3
4
4
3
27
4
2
28
213
3
20
3
4
20
20
3
107
6
25
4
7
43
4
17
3
26
37
3
145
4
15
17
18
11
3
29
3
14
6
4
14
14
38
4
4
20
3
6
4
6
14
39
3
20
3
3
34
31
3
155
4
9
9
3
29
3
9
9
3
2
12
3
4
3
29
4
22
29
4
3
9
9
9
3
11
3
4
9
3
2
34
16
3
8
6
28
11
25
21
12
56
3
46
7
25
3
6
2
3
3
3
56
3
3
310
3
19
39
7
4
9
3
15
3
21
5
3
10
8
3
7
16
3
5
9
3
3
11
28
8
3
10
7
5
3
3
3
6
7
39
8
19
11
21
4
64
9
10
53
16
28
9
6
4
8
4
8
9
49
23
4
9
18
17
50
3
2
3
12
35
136
3
35
5
15
6
3
5
11
3
10
6
3
67
16
6
4
5
6
13
3
18
11
3
15
5
45
3
5
7
27
3
5
9
5
3
25
45
3
5
3
25
5
3
11
13
5
3
3
9
29
9
3
2
9
12
9
29
4
22
3
3
29
3
4
4
9
3
34
9
9
2
3
9
9
3
3
9
34
9
3
11
9
9
3
3
9
9
3
9
11
41
3
9
3
9
3
9
3
3
9
3
9
9
41
9
9
3
34
3
3
11
9
9
8
85
2
12
98
3
13
6
9
73
29
3
85
15
30
3
7
3
136
9
11
13
2
12
12
3
36
13
5
13
24
5
3
33
24
10
25
11
25
13
5
3
36
11
7
5
13
16
24
3
25
15
24
10
7
11
69
4
5
3
12
13
12
9
95
37
3
5
11
25
69
13
5
3
5
7
13
42
3
5
11
25
9
5
22
3
4
9
2
16
7
16
99
61
6
3
3
3
5
70
5
6
6
17
13
12
11
8
15
56
3
3
70
14
9
3
4
31
18
3
3
30
3
15
2
2
21
9
3
9
3
9
12
30
9
3
2
3
3
30
3
4
6
3
14
15
4
6
29
23
14
4
3
7
29
29
10
4
16
2
9
3
11
6
3
3
22
41
3
20
4
19
3
9
4
26
16
15
7
24
4
3
26
3
4
20
17
4
3
34
12
4
3
17
21
23
3
11
8
3
3
12
3
22
22
3
11
11
3
22
22
3
11
22
3
11
3
9
4
4
14
14
3
3
23
6
14
6
3
3
2
23
12
9
20
12
5
6
3
6
12
6
11
9
23
3
5
6
4
6
4
14
3
23
23
4
14
14
3
14
16
89
14
3
14
5
14
20
23
23
20
6
6
14
4
23
6
6
5
6
6
4
9
3
12
14
5
3
3
3
5
8
3
31
15
5
9
12
14
2
15
2
14
6
8
32
17
5
9
3
6
61
30
12
31
19
12
4
8
4
6
11
6
5
20
25
29
3
75
37
4
7
7
7
3
21
36
32
3
7
31
7
34
3
3
92
21
5
5
10
19
17
24
9
22
6
18
3
5
10
17
18
4
5
16
10
6
53
3
24
3
2
3
3
2
23
4
11
16
15
5
4
10
21
3
2
7
10
18
9
4
5
16
11
23
3
3
18
10
12
3
3
9
5
5
5
4
7
26
3
5
5
20
4
11
8
6
3
37
4
10
5
5
21
4
5
4
4
3
17
6
5
3
11
5
5
5
3
7
4
20
47
3
6
4
3
4
6
3
4
8
3
3
18
70
3
3
3
3
17
5
42
4
32
4
5
4
4
3
5
23
7
29
7
7
28
24
28
9
3
33
3
20
31
33
6
24
8
17
26
14
6
14
27
3
4
4
38
3
7
8
5
3
3
4
3
20
7
3
3
20
20
3
13
20
7
7
4
3
7
20
3
3
20
6
5
6
5
20
16
9
6
6
6
5
10
17
6
5
34
3
20
3
3
15
2
20
4
20
20
3
6
9
20
4
16
16
31
3
9
3
6
3
5
23
3
17
3
5
40
37
21
3
10
40
7
3
3
8
3
11
57
11
5
10
3
3
17
3
22
33
42
5
5
3
65
62
69
3
31
17
15
3
3
13
15
10
11
39
16
33
15
20
11
3
30
20
6
3
29
12
14
14
3
29
12
43
6
14
23
30
3
43
12
6
12
18
14
29
3
12
6
21
29
3
14
3
43
12
3
9
3
12
16
24
19
14
29
14
3
5
5
11
9
13
80
5
6
28
41
10
3
8
51
33
5
22
5
22
9
3
9
26
7
5
7
11
24
4
36
24
11
5
5
5
4
16
14
8
12
37
11
10
25
7
10
10
11
7
7
30
40
16
3
36
22
17
5
10
15
46
2
5
14
14
20
15
4
3
6
15
47
7
3
11
13
4
5
13
34
6
20
3
3
23
23
11
20
3
4
55
4
3
3
5
9
4
21
20
3
4
4
5
3
6
20
4
24
4
10
4
4
17
14
4
18
25
14
20
11
4
3
4
3
14
14
4
4
4
20
7
3
4
14
20
27
20
3
11
20
4
20
4
4
3
3
3
23
3
13
21
5
10
5
3
16
16
3
10
22
3
29
3
22
14
3
3
6
9
11
3
14
23
19
3
21
11
41
11
13
15
3
10
12
32
9
13
3
13
9
11
4
7
4
3
4
3
2
27
4
14
4
4
9
7
4
4
4
3
107
23
40
19
5
22
3
18
12
14
43
5
49
3
10
4
12
3
74
40
12
3
32
47
5
51
22
12
3
36
47
10
59
5
49
4
3
24
14
37
58
4
10
14
5
44
3
61
50
47
3
14
50
14
4
59
10
37
14
24
3
41
