1
2
1
1
2
1
1
1
16
1
36
1
1
1
1
1
1
2
1
8
4
1
1
1
2
1
2
2
3
3
2
1
1
1
1
1
1
1
1
1
1
1
1
2
1
2
1
1
1
1
1
1
1
1
1
1
1
1
1
1
1
1
1
2
1
1
1
1
1
1
1
1
1
1
1
1
1
1
34992
6
1
1
1
4
1
1
1
3
2
3
2
216
1
1
4
1
2
3
216
1
1
1
4
4
2
2
1
1
1
1
2
1
2
2
1
2
2
4
4
1
1
1
1
1
1
1
2
2
4
4
1
1
1
1
1
1
1
1
3
2
4
3
4
1
1
1
1
1
1
1
1
1
1
2
1
1
1
1
1
1
1
2
1
1
1
4
1
2
16
16
19
4
7
4
2
25
19
7
1
25
1
1
1
2
1
1
1
1
1
1
1
1
1
1
1
1
8
4
1
1
2
2
1
1
1
3
4
4
1
2
2
1
1
1
1
1
4
4
2
2
1
1
1
1
2
1
2
2
1
4
2
2
4
1
1
1
4
2
4
2
1
1
1
1
1
1
4
4
2
2
1
1
1
1
1
1
1
1
1
1
1
1
1
1
8
8
1
4
4
1
1
1
1
1
1
1
1
8
4
8
4
2
4
2
4
1
1
4
4
2
2
1
1
1
1
1
1
1
36
1
128
8
2
1
2
1
8
1
2
2
2
16
1
2
1
2
2
1
7
2
2
1
2
2
1
3
2
2
2
2
1
2
2
2
1
1
1
2
2
3
1
2
1
2
16
16
1
1
2
2
1
1
2
1
1
2
1
1
1
1
1
1
2
4
4
2
2
1
1
1
1
2
4
4
2
2
2
1
13
1
1
1
4
5
1
1
5
4
1
1
5
4
4
5
1
5
4
1
1
1
5
4
1
1
1
1
5
4
4
5
1
1
5
4
5
4
1
5
4
1
1
1
1
2
1
1
1
1
1
1
16
2
1
1
1
1
3
1
1
1
3
1
1
1
1
1
1
1
5
1
1
1
2
1
1
3
1
3
1
2
1
1
2
1
1
1
1
1
1
1
2
1
2
1
1
1
1
4
1
4
1
1
1
1
1
1
1
1
1
1
1
4
2
4
2
2
2
1
1
1
1
1
1
1
1
1
1
1
1
1
1
1
1
1
1
3
1
1
1
3
3
2
1
1
2
1
2
1
1
2
1
2
2
2
1
2
24
2
3
1
3
1
1
1
3
1
1
2
1
3
4
3
1
1
1
2
1
3
1
2
3
1
1
2
1
1
1
2
2
1
1
1
3
1
1
2
6
1
2
1
1
1
2
2
1
1
1
1
1
4
1
1
8
4
1
2
2
2
1
4
1
1
2
1
1
1
1
1
1
1
1
1
2
1
1
1
1
1
1
1
1
1
1
1
3
2
1
1
2
1
1
1
3
1
1
8
2
1
1
4
2
1
2
1
1
1
16
8
2
2
2
16
1
1
4
4
4
1
1
1
8
16
2
1
1
2
8
4
16
2
1
1
1
64
32
8
2
2
2
2
2
2
1
1
2
1
1
1
