1423781811385 54
1423781871995 70
1423781932431 53
1423781992986 131
1423782053500 75
1423782113968 70
1423782174424 89
1423782234905 74
1423782295408 110
1423782355963 59
1423782416493 51
1423782476958 55
1423782537375 47
1423782597865 82
1423782658366 122
1423782719669 57
1423782780173 52
1423782840589 51
1423782901127 81
1423782961658 49
1423783022168 49
1423783082624 49
1423783143102 50
1423783203516 49
1423783263919 88
1423783324467 77
1423783384986 50
1423783445428 53
1423783505932 49
1423783566396 76
1423783626920 52
1423783687488 121
1423783748048 73
1423783808514 48
1423783868987 48
1423783929438 54
1423783989851 52
1423784050614 57
1423784111033 108
1423784171527 49
1423784231966 105
1423784292486 102
1423784353017 54
1423784413492 80
1423784473993 51
1423784534466 49
1423784594911 49
1423784655341 52
1423784715815 51
1423784776317 73
1423784836809 48
1423784897254 56
1423784957789 52
1423785018253 150
1423785078843 62
1423785139331 55
1423785199788 56
1423785260290 49
1423785320750 49
1423785381153 52
1423785441647 50
1423785502148 78
1423785562617 48
1423785623061 80
1423785683544 148
1423785744168 82
1423785804728 54
1423785865173 57
1423785925706 51
1423785986127 72
1423786046582 118
1423786107122 84
1423786167629 47
1423786228096 86
1423786288603 52
1423786349052 51
1423786409504 52
1423786470024 50
1423786530491 85
1423786590990 49
1423786651445 51
1423786711861 75
1423786772376 48
1423786832870 52
1423786893886 47
1423786954352 65
1423787014803 50
1423787075269 53
1423787135769 50
1423787196258 83
1423787256704 51
1423787317183 50
1423787377588 59
1423787438095 57
1423787498570 88
1423787559073 81
1423787619828 49
1423787680283 51
1423787740747 115
1423787801350 51
1423787861825 51
1423787922307 77
1423787982772 52
1423788043266 560
1423788104236 50
1423788164712 49
1423788225178 49
1423788285606 51
1423788346083 134
1423788406551 73
1423788467040 45
1423788527623 80
1423788588064 52
1423788648546 49
1423788708965 97
1423788769486 74
1423788830016 71
1423788890463 55
1423788950904 92
1423789011442 48
1423789071938 108
1423789132467 118
1423789192979 50
1423789253481 49
1423789313977 56
1423789374420 86
1423789434935 134
1423789495428 51
1423789555954 130
1423789616485 109
1423789676986 51
1423789737426 85
1423789797899 99
1423789858440 47
1423789918866 51
1423789979441 77
1423790039965 53
1423790100447 51
1423790160912 132
1423790221524 49
1423790282026 49
1423790342451 81
1423790402958 76
1423790463424 61
1423790523918 54
1423790584365 51
1423790644848 52
1423790705315 50
1423790765784 50
1423790826259 49
1423790886715 78
1423790947190 49
1423791007684 53
1423791068149 48
1423791128584 51
1423791189003 55
1423791249493 50
1423791309982 52
1423791370549 81
1423791431018 50
1423791491477 78
1423791551979 112
1423791612442 47
1423791672817 48
1423791733347 48
1423791793860 50
1423791854361 47
1423791914797 51
1423791975299 50
1423792035859 49
1423792096355 49
1423792156777 77
1423792217304 49
1423792277808 58
1423792338222 52
1423792398717 51
1423792459157 55
1423792519595 50
1423792580012 52
1423792640428 51
1423792700926 53
1423792761362 82
1423792821938 83
1423792882381 49
1423792942798 49
1423793003284 50
1423793063724 49
1423793124167 109
1423793184667 53
1423793245105 51
1423793305611 53
1423793366070 50
1423793426597 53
1423793487094 58
1423793547579 49
1423793608079 50
1423793668518 62
1423793728969 50
1423793789371 73
1423793849860 52
1423793910304 145
1423793970880 59
1423794031348 57
1423794092071 80
1423794152560 51
1423794212970 50
1423794273462 58
1423794333943 56
1423794394418 47
1423794454915 52
1423794515378 67
1423794575936 109
1423794636401 76
1423794696900 87
1423794757373 50
1423794817893 47
1423794878351 47
1423794938767 48
1423794999203 96
1423795059900 76
1423795120394 78
1423795180886 48
1423795241327 50
1423795301759 49
1423795362230 48
1423795422664 50
1423795483097 47
1423795543574 79
1423795604142 100
1423795664655 74
1423795725196 77
1423795785732 125
1423795846304 79
1423795906808 77
1423795967322 84
1423796027860 50
1423796088292 52
1423796148781 52
1423796209246 85
1423796269757 51
1423796330253 49
1423796390702 58
1423796451159 49
1423796511660 52
1423796572072 50
1423796632519 51
1423796692996 58
1423796753532 86
1423796814063 83
1423796874622 80
1423796935091 94
1423796995663 76
1423797056177 76
1423797116650 84
1423797177090 49
1423797237522 50
1423797297985 80
1423797358428 74
1423797418931 49
1423797479335 50
1423797539901 47
1423797600397 50
1423797660883 51
1423797721305 50
1423797781714 49
1423797842830 50
1423797903340 54
1423797963780 76
1423798024309 107
1423798084839 104
1423798145397 116
1423798205982 75
1423798266446 99
1423798326960 49
1423798387365 52
1423798447841 58
1423798508337 51
1423798568844 79
1423798629312 47
1423798689745 51
1423798750180 98
1423798810877 51
1423798871367 60
1423798931878 58
1423798992346 103
1423799052840 76
1423799113274 46
1423799173774 53
1423799234250 47
1423799294661 47
1423799355048 80
1423799415525 80
1423799476032 47
1423799536470 53
1423799596862 97
1423799657708 53
1423799718121 51
1423799778627 77
1423799839157 50
1423799899630 54
1423799960119 79
1423800020583 53
1423800081075 49
1423800141635 50
1423800202133 51
1423800262625 64
1423800323160 53
1423800383604 52
1423800444083 48
1423800504499 50
1423800564997 51
1423800625453 78
1423800686042 53
1423800746537 76
1423800807182 51
1423800867742 56
1423800928293 49
1423800988796 52
1423801049296 47
1423801109703 48
1423801170138 52
1423801230613 82
1423801291101 55
1423801351506 78
1423801412099 50
1423801472508 78
1423801533068 52
1423801593541 48
1423801653989 49
1423801714534 48
1423801775033 75
1423801835524 49
1423801896017 54
1423801956470 55
1423802016993 54
1423802077469 78
1423802137932 80
1423802198457 78
1423802258951 81
1423802319463 79
1423802379991 135
1423802440551 52
1423802501007 49
1423802561471 80
1423802621965 52
1423802682521 51
1423802742987 48
1423802803369 55
1423802863789 51
1423802924290 54
1423802984804 48
1423803045339 52
1423803105778 87
1423803166263 75
1423803226731 77
1423803287234 80
1423803347798 78
1423803408400 77
1423803468877 79
1423803529289 90
1423803589807 127
1423803650325 53
1423803710838 51
1423803771348 52
1423803831846 50
1423803892257 51
1423803952670 50
1423804013139 98
1423804073714 51
1423804134181 51
1423804194611 51
1423804255095 81
1423804315540 87
1423804376068 78
1423804436569 79
1423804497036 109
1423804557770 75
1423804618285 79
1423804678779 54
1423804739230 50
1423804799670 50
1423804860079 50
1423804920547 79
1423804981054 74
1423805041521 47
1423805101986 46
1423805162444 98
1423805222906 50
1423805283380 51
1423805343861 51
1423805404289 109
1423805464813 105
1423805525312 51
1423805585849 50
1423805646347 51
1423805706788 51
1423805767272 49
1423805827684 81
1423805888181 65
1423805948603 55
1423806009038 73
1423806069557 53
1423806129999 48
1423806190440 52
1423806251018 66
1423806311531 50
1423806372020 48
1423806432460 105
1423806493046 81
1423806553628 77
1423806614164 82
1423806674586 59
1423806735015 51
1423806795551 122
1423806856030 53
1423806916487 52
1423806976992 49
1423807037429 49
1423807097854 49
1423807158247 55
1423807218720 83
1423807279292 51
1423807339735 101
1423807400259 108
1423807460802 105
1423807521353 111
1423807581870 134
1423807642441 138
1423807703054 144
1423807763648 138
1423807824200 105
1423807884690 111
1423807945248 100
1423808005813 123
1423808066371 103
1423808126853 125
1423808187395 103
1423808247931 108
1423808308487 107
1423808369077 111
1423808429573 103
1423808490121 116
1423808550702 105
1423808611281 105
1423808671769 106
1423808732340 105
1423808792880 138
1423808853467 141
1423808914048 153
1423808974680 108
1423809035284 102
1423809095794 136
1423809156374 105
1423809216946 146
1423809277509 105
1423809338058 106
1423809398643 103
1423809459177 107
1423809519694 102
1423809580236 117
1423809640820 104
1423809701361 100
1423809761919 105
1423809822400 104
1423809882973 103
1423809943423 110
1423810003913 109
1423810064457 103
1423810124984 101
1423810185507 115
1423810246057 140
1423810306642 148
1423810367391 104
1423810428050 143
1423810488634 205
1423810549256 138
1423810609874 148
1423810670493 137
1423810731098 156
1423810791700 165
1423810852329 109
1423810912787 101
1423810973384 108
1423811033960 104
1423811094500 105
1423811155041 107
1423811215605 156
1423811276192 108
1423811336703 109
1423811397272 107
1423811457818 101
1423811518320 102
1423811578833 116
1423811639323 139
1423811699905 155
1423811760502 143
1423811821149 140
1423811881820 149
1423811942413 154
1423812002949 142
1423812063503 111
1423812124076 113
1423812184664 108
1423812245180 119
1423812305728 107
1423812366280 108
1423812426847 107
1423812487353 108
1423812547836 109
1423812608368 106
1423812668898 104
1423812729470 104
1423812789985 106
1423812850737 106
1423812911242 109
1423812971822 137
1423813032421 149
1423813093036 153
1423813153659 186
1423813214199 138
1423813274774 102
1423813335307 107
1423813395867 121
1423813456406 107
1423813516897 105
1423813577416 146
1423813638024 191
1423813698595 118
1423813759173 105
1423813819805 114
1423813880349 106
1423813940903 103
1423814001420 106
1423814061961 106
1423814122412 113
1423814182893 104
1423814243431 116
1423814304024 159
1423814364630 155
1423814425167 107
1423814485744 108
1423814546261 128
1423814606828 110
1423814667319 112
1423814727888 111
1423814788376 1015
1423814852187 1143
1423814913864 244
1423814974522 206
1423815035336 181
1423815095969 804
1423815160342 220
1423815221034 223
1423815281740 199
1423815342484 239
1423815403351 107
1423815463961 528
1423815525039 364
1423815585936 254
1423815646855 198
1423815707520 195
1423815768181 201
1423815828906 167
1423815889483 112
1423815950120 106
1423816010799 262
1423816071507 210
1423816132213 169
1423816192874 268
1423816253660 103
1423816314204 112
1423816374803 394
1423816435759 106
1423816496371 177
1423816556984 132
1423816617635 117
1423816678101 235
1423816738783 118
1423816799281 187
1423816859848 198
1423816920495 144
1423816981079 433
1423817042044 163
1423817102654 219
1423817163439 190
1423817224007 112
1423817284539 494
1423817345552 117
1423817406217 201
1423817466867 106
1423817527383 108
1423817588033 435
1423817649114 534
1423817710174 138
1423817770805 114
1423817831332 434
1423817892255 205
1423817952889 115
1423818013553 135
1423818074275 118
1423818134890 200
1423818195545 200
1423818256147 160
1423818316806 210
1423818377599 106
1423818438151 201
1423818498789 103
1423818559391 638
1423818620527 106
1423818681173 229
1423818741853 109
1423818802495 127
1423818863111 113
1423818923672 105
1423818984166 102
1423819044762 109
1423819105252 104
1423819165905 101
1423819226444 193
1423819287016 107
1423819347537 194
1423819408115 111
1423819468728 108
1423819529247 126
1423819589884 112
1423819650440 116
1423819711009 227
1423819771659 101
1423819832250 103
1423819892876 191
1423819953673 149
1423820014284 100
1423820074776 111
1423820135314 107
1423820195873 229
1423820256675 109
1423820317231 106
1423820377784 108
1423820438377 107
1423820498839 108
1423820559389 108
1423820619932 107
1423820680452 103
1423820740964 108
1423820801541 105
1423820862090 102
1423820922605 106
1423820983227 103
1423821043746 144
1423821104361 109
1423821164907 101
1423821225411 113
1423821286062 102
1423821346650 100
1423821407165 101
1423821467774 103
1423821528420 98
1423821589011 111
1423821649519 433
1423821710561 105
1423821771041 113
1423821831662 103
1423821892253 111
1423821952907 108
1423822013460 104
1423822074034 107
1423822134567 101
1423822195100 104
1423822255601 103
1423822316090 135
1423822376669 106
1423822437214 105
1423822497723 105
1423822558204 102
1423822618746 128
1423822679332 103
1423822739814 126
1423822800408 106
1423822860986 102
1423822921503 106
1423822982056 116
1423823042617 107
1423823103166 101
1423823163680 102
1423823224221 105
1423823284763 105
1423823345208 104
1423823405806 104
1423823466279 102
1423823526785 120
1423823587281 103
1423823647733 106
1423823708311 87
1423823768879 109
1423823829438 122
1423823890038 111
1423823950553 110
1423824011139 108
1423824071742 106
1423824132359 100
1423824192934 107
1423824253447 108
1423824313994 93
1423824374513 92
1423824435037 82
1423824495550 104
1423824556059 106
1423824616646 83
1423824677138 106
1423824737683 92
1423824798175 72
1423824858626 102
1423824919306 97
1423824979811 100
1423825040400 134
1423825100910 88
1423825161402 81
1423825221859 81
1423825282334 83
1423825342895 89
1423825403419 79
1423825463860 83
1423825524392 98
1423825584886 99
1423825645446 78
1423825705928 74
1423825766446 86
1423825827046 72
1423825887576 68
1423825948074 69
1423826008562 940
1423826069875 70
1423826130361 56
1423826190849 58
1423826251311 70
1423826311800 69
1423826372248 57
1423826432752 60
1423826493230 78
1423826553734 73
1423826614167 72
1423826674654 81
1423826735105 51
1423826795613 58
1423826856091 54
1423826916609 69
1423826977110 80
1423827037559 255
1423827098280 68
1423827158751 80
1423827219253 52
1423827279772 60
1423827340219 50
1423827400653 51
1423827461131 50
1423827521574 51
1423827582028 58
1423827642484 56
1423827702908 71
1423827763436 66
1423827823925 64
1423827884420 59
1423827944856 70
1423828005341 74
1423828065807 62
1423828126256 59
1423828186706 63
1423828247245 57
1423828307690 121
1423828368173 59
1423828428654 59
1423828489082 57
1423828549592 47
1423828610054 78
1423828670467 76
1423828730907 63
1423828791358 48
1423828851858 66
1423828912321 58
1423828972771 47
1423829033175 47
1423829093585 61
1423829154076 47
1423829214581 50
1423829275086 51
1423829335523 108
1423829396012 49
1423829456472 51
1423829516936 58
1423829577426 49
1423829637888 59
1423829698317 63
1423829758825 64
1423829819309 120
1423829879796 66
1423829940249 49
1423830000759 158
1423830061304 46
1423830121799 65
1423830182349 61
1423830242830 61
1423830303385 52
1423830363919 50
1423830424398 72
1423830484916 70
1423830545519 55
1423830605965 60
1423830666413 60
1423830726827 83
1423830787329 68
1423830847789 68
1423830908206 100
1423830968728 51
1423831029227 53
1423831089730 49
1423831150251 61
1423831210899 51
1423831271349 48
1423831331757 55
1423831392231 61
1423831452774 74
1423831513244 59
1423831573706 80
1423831634185 51
1423831694630 87
1423831755182 53
1423831815659 103
1423831876269 47
1423831936692 52
1423831997193 56
1423832057696 60
1423832118277 52
1423832178755 53
1423832239267 51
1423832299681 51
1423832360116 55
1423832420668 139
1423832481205 62
1423832541717 50
1423832602146 53
1423832662595 50
1423832723081 50
1423832783474 52
1423832844045 60
1423832904618 52
1423832965138 51
1423833025635 52
1423833086119 102
1423833146604 52
1423833207160 50
1423833267627 56
1423833328087 53
1423833388504 48
1423833448899 56
1423833509412 55
1423833569945 47
1423833630410 118
1423833690945 48
1423833751386 51
1423833811852 54
1423833872302 50
1423833932787 52
1423833993307 53
1423834053718 49
1423834114212 62
1423834174725 50
1423834235194 73
1423834295712 49
1423834356150 67
1423834416550 48
1423834476995 49
1423834537495 52
1423834597942 55
1423834658364 53
1423834718811 50
1423834779200 80
1423834839699 51
1423834900145 57
1423834960602 85
1423835021133 55
1423835081630 53
1423835142129 51
1423835202568 52
1423835263021 49
1423835323427 50
1423835383863 49
1423835444362 169
1423835504892 52
1423835565337 49
1423835625777 54
1423835686277 48
1423835746682 50
1423835807089 73
1423835867587 48
1423835928075 95
1423835988616 53
1423836049147 53
1423836109602 51
1423836170188 50
1423836230626 52
1423836291181 52
1423836351628 50
1423836412035 48
1423836472437 50
1423836532911 52
1423836593389 59
1423836653947 48
1423836714380 49
1423836774815 50
1423836835195 78
1423836895690 47
1423836956153 50
1423837016640 55
1423837077107 52
1423837137628 141
1423837198230 52
1423837258725 66
1423837319182 50
1423837379649 49
1423837440098 50
1423837500536 50
1423837561108 52
1423837621566 56
1423837682013 50
1423837742483 52
1423837802964 146
1423837863514 48
1423837923951 47
1423837984356 70
1423838044849 53
1423838105327 74
1423838165882 49
1423838226359 52
1423838286807 51
1423838347251 152
1423838407879 52
1423838468372 48
1423838528810 87
1423838589287 49
1423838649731 50
1423838710165 48
1423838770718 50
1423838831185 49
1423838891622 55
1423838952066 49
1423839012440 54
1423839072878 78
1423839133409 53
1423839193932 52
1423839254383 52
1423839314743 65
1423839375235 52
1423839435708 49
1423839496218 53
1423839556673 51
1423839617052 51
1423839677418 152
1423839738010 49
1423839798433 50
1423839858904 51
1423839919404 92
1423839979914 50
1423840040359 170
1423840100916 106
1423840161475 99
1423840222024 54
1423840282475 88
1423840342895 49
1423840403302 48
1423840463768 50
1423840524375 63
1423840584811 47
1423840645268 49
1423840705736 49
1423840766205 52
1423840826832 50
1423840887275 50
1423840947634 48
1423841008078 49
1423841068844 52
1423841129285 49
1423841189698 52
1423841250203 47
1423841310697 75
1423841371231 79
1423841431730 79
1423841492117 50
1423841552554 50
1423841613000 50
1423841673450 51
1423841733949 50
1423841794435 77
1423841854937 48
1423841915399 51
1423841975891 165
1423842036527 50
1423842097055 105
1423842157661 100
1423842218268 110
1423842278826 104
1423842339429 102
1423842400018 134
1423842460607 51
1423842521087 54
1423842581566 106
1423842642167 56
1423842702616 49
1423842763084 57
1423842823537 51
1423842884043 50
1423842944541 79
1423843005064 52
1423843065631 53
1423843126102 53
1423843186554 50
1423843246967 52
1423843307449 123
1423843367981 55
1423843428433 55
1423843488858 55
1423843549422 50
1423843609884 52
1423843670324 55
1423843730798 49
1423843791283 52
1423843851781 48
1423843912348 50
1423843972758 49
1423844033217 50
1423844093715 53
1423844154224 50
1423844214708 50
1423844275182 51
1423844335588 54
1423844396092 58
1423844456624 50
1423844517092 51
1423844577587 48
1423844638132 50
1423844698627 51
1423844759073 49
1423844819578 50
1423844880108 57
1423844940583 48
1423845001084 52
1423845061618 53
1423845122052 49
1423845182554 50
1423845243022 52
1423845303522 56
1423845363955 51
1423845424509 49
1423845484915 48
1423845545364 49
1423845605774 52
1423845666241 55
1423845726690 97
1423845787147 49
1423845847617 52
1423845908051 82
1423845968530 48
1423846029020 49
1423846089456 48
1423846149987 50
1423846210521 54
1423846271168 48
1423846331796 48
1423846392365 54
1423846452837 51
1423846513274 55
1423846573686 47
1423846634141 49
1423846694606 50
1423846755161 48
1423846815625 100
1423846876137 51
1423846936547 48
1423846997024 57
1423847057512 51
1423847118080 47
1423847178542 82
1423847239018 62
1423847299556 48
1423847360029 54
1423847420499 49
1423847480975 94
1423847541434 53
1423847601901 48
1423847662480 54
1423847722927 47
1423847783333 50
1423847843771 50
1423847904212 57
1423847964690 56
1423848025196 52
1423848085635 53
1423848146107 50
1423848206597 54
1423848267097 65
1423848327611 64
1423848388120 49
1423848448592 53
1423848509063 49
1423848569564 98
1423848630120 51
1423848690575 50
1423848751045 48
1423848811481 51
1423848871972 53
1423848932489 48
1423848993028 112
1423849053554 50
1423849113992 113
1423849174533 50
1423849235038 50
1423849295504 52
1423849355977 99
1423849416483 54
1423849476992 51
1423849537495 53
1423849598054 74
1423849658643 51
1423849719143 86
1423849779707 118
1423849840302 48
1423849900895 51
1423849961337 53
1423850021718 52
1423850082187 49
1423850142627 130
1423850203146 46
1423850263579 48
1423850324013 79
1423850384553 51
1423850444988 50
1423850505509 53
1423850565988 84
1423850626459 52
1423850686951 141
1423850747475 53
1423850807945 50
1423850868408 66
1423850928899 49
1423850989304 80
1423851049740 53
1423851110221 55
1423851170691 52
1423851231183 49
1423851291588 63
1423851352015 50
1423851412423 51
1423851472923 58
1423851533368 50
1423851593998 94
1423851654485 49
1423851714984 52
1423851775455 53
1423851835882 49
1423851896349 49
1423851956796 50
1423852017204 49
1423852077673 50
1423852138166 80
1423852198580 50
1423852259057 52
1423852319533 52
1423852379964 62
1423852440413 57
1423852500882 50
1423852561330 57
1423852621804 51
1423852682268 50
1423852742833 51
1423852803270 50
1423852863767 51
1423852924282 52
1423852984777 50
1423853045272 51
1423853105886 49
1423853166320 53
1423853226865 53
1423853287324 48
1423853347793 51
1423853408289 47
1423853468819 52
1423853529200 76
1423853589675 50
1423853650167 50
1423853710723 79
1423853771276 51
1423853831758 49
1423853892285 50
1423853952721 68
1423854013246 49
1423854073724 48
1423854134218 52
1423854194800 49
1423854255233 49
1423854315630 48
1423854376094 50
1423854436543 50
1423854497032 50
1423854557444 47
1423854617904 48
1423854678413 49
1423854738847 50
1423854799355 51
1423854859821 93
1423854920339 52
1423854980875 49
1423855041373 53
1423855101846 51
1423855162265 52
1423855222704 51
1423855283181 50
1423855343694 98
1423855404180 49
1423855464678 51
1423855525093 165
1423855585722 49
1423855646160 50
1423855706601 48
1423855767007 78
1423855827442 50
1423855887927 53
1423855948369 48
1423856008838 48
1423856069286 47
1423856129752 51
1423856190189 76
1423856250624 50
1423856311134 99
1423856371605 52
1423856432079 56
1423856492570 60
1423856553103 106
1423856613631 51
1423856674124 50
1423856734591 54
1423856795035 64
1423856855499 55
1423856915946 53
1423856976422 57
1423857036877 48
1423857097364 61
1423857157851 52
1423857218320 48
1423857278818 55
1423857339260 51
1423857399757 48
1423857460162 56
1423857520651 52
1423857581194 56
1423857641725 51
1423857702168 88
1423857762618 49
1423857823126 53
1423857883562 51
1423857944079 79
1423858004519 50
1423858064998 50
1423858125480 53
1423858185970 54
1423858246471 53
1423858306939 117
1423858367500 82
1423858428042 49
1423858488486 51
1423858549003 75
1423858609471 50
1423858670050 53
1423858730441 50
1423858790915 53
1423858851332 49
1423858911776 76
1423858972244 85
1423859032776 49
1423859093358 83
1423859153899 50
1423859214394 51
1423859274781 54
1423859335196 47
1423859395711 50
1423859456192 48
1423859516687 81
1423859577249 51
1423859637688 48
1423859698179 48
1423859758603 82
1423859819113 52
1423859879554 50
1423859939995 50
1423860000438 47
1423860060869 91
1423860121412 50
1423860181876 48
1423860242252 48
1423860302670 50
1423860363109 50
1423860423541 78
1423860484006 49
1423860544412 47
1423860604857 77
1423860665354 51
1423860725770 101
1423860786329 53
1423860846743 51
1423860907211 50
1423860967711 56
1423861028423 48
1423861088826 49
1423861149212 49
1423861209675 50
1423861270175 56
1423861330681 60
1423861391071 49
1423861451519 91
1423861512015 49
1423861572476 81
1423861632988 47
1423861693487 80
1423861754046 47
1423861814524 48
1423861874990 52
1423861935478 97
1423861996043 50
1423862056516 49
1423862116918 77
1423862177414 54
1423862237886 51
1423862298308 50
1423862358773 49
1423862419234 55
1423862479686 52
1423862540230 52
1423862600628 109
1423862661157 50
1423862721674 50
1423862782037 51
1423862842550 56
1423862902999 52
1423862963500 50
1423863023945 48
1423863084386 52
1423863144886 49
1423863205368 51
1423863265872 98
1423863326333 50
1423863386771 51
1423863447324 54
1423863507791 49
1423863568252 87
1423863628669 48
1423863689074 52
1423863749586 71
1423863810146 69
1423863870710 49
1423863931161 51
1423863991625 52
1423864052078 70
1423864112536 52
1423864173033 49
1423864233440 54
1423864293852 51
1423864354306 53
1423864414723 51
1423864475188 52
1423864535668 51
1423864596169 49
1423864656655 51
1423864717125 49
1423864777634 90
1423864838166 49
1423864898629 51
1423864959100 49
1423865019598 50
1423865080101 54
1423865140605 49
1423865201012 51
1423865261510 52
1423865321989 50
1423865382447 47
1423865442852 52
1423865503262 56
1423865563738 50
1423865624247 55
1423865684700 53
1423865745207 56
1423865805714 49
1423865866193 54
1423865926671 51
1423865987194 51
1423866047687 53
1423866108123 82
1423866168624 48
1423866229083 101
1423866289565 50
1423866350002 49
1423866410463 53
1423866470877 68
1423866531357 57
1423866591800 139
1423866652357 47
1423866712815 49
1423866773253 52
1423866833675 47
1423866894101 53
1423866954651 47
1423867015179 54
1423867075695 49
1423867136166 56
1423867196694 49
1423867257141 52
1423867317606 54
1423867378082 50
1423867438505 60
1423867499025 50
1423867559467 113
1423867619969 49
1423867680417 51
1423867740857 50
1423867801347 53
1423867861894 50
1423867922372 48
1423867982853 46
1423868043293 49
1423868103751 49
1423868164195 52
1423868224663 48
1423868285157 52
1423868345733 47
1423868406138 48
1423868466678 50
1423868527102 47
1423868587586 49
1423868648066 91
1423868708600 47
1423868769128 48
1423868829505 48
1423868889888 47
1423868950333 52
1423869010796 50
1423869071296 50
1423869131755 50
1423869192185 49
1423869252697 49
1423869313094 77
1423869373648 74
1423869434152 79
1423869494618 122
1423869555213 80
1423869615680 78
1423869676188 75
1423869736744 51
1423869797184 52
1423869857652 47
1423869918093 48
1423869978558 50
1423870039022 49
1423870099491 158
1423870160039 48
1423870220449 60
1423870280936 49
1423870341377 48
1423870401896 48
1423870462285 51
1423870522760 48
1423870583192 50
1423870643997 120
1423870704664 89
1423870765226 163
1423870825816 86
1423870886301 52
1423870946738 49
1423871007237 49
1423871067660 48
1423871128176 47
1423871188615 49
1423871249073 50
1423871309557 51
1423871370021 50
1423871430462 50
1423871490918 49
1423871551369 49
1423871611797 51
1423871672288 46
1423871732718 44
1423871793176 83
1423871853755 77
1423871914189 76
1423871974653 50
1423872035172 48
1423872095635 56
1423872156130 55
1423872216575 49
1423872276989 49
1423872337406 74
1423872397891 49
1423872458372 49
1423872518793 50
1423872579275 49
1423872639694 73
1423872700158 54
1423872760611 50
1423872821114 49
1423872881607 88
1423872942122 78
1423873002643 49
1423873063087 54
1423873126053 61
1423873190090 50
1423873252840 50
1423873313975 47
1423873374524 118
1423873435040 80
1423873495555 80
1423873555952 48
1423873616437 46
1423873676848 85
1423873737390 63
1423873797976 56
1423873858391 47
1423873918896 55
1423873979307 50
1423874039740 49
1423874100214 50
1423874160652 50
1423874221071 78
1423874281568 51
1423874342030 58
1423874402569 79
1423874463139 81
1423874523646 77
1423874584096 78
1423874644560 50
1423874705052 55
1423874765504 52
1423874825971 47
1423874886382 47
1423874946763 49
1423875007227 48
1423875067723 47
1423875128219 53
1423875188772 136
1423875249287 49
1423875309696 77
1423875370189 77
1423875430789 76
1423875491462 131
1423875552012 77
1423875612541 86
1423875673018 80
1423875733518 50
1423875794078 49
1423875854539 51
1423875914917 51
1423875975304 50
1423876035708 50
1423876096163 52
1423876156578 83
1423876217077 64
1423876277592 54
1423876338021 52
1423876398505 78
1423876458967 89
1423876519564 78
1423876580087 108
1423876640642 89
1423876701119 50
1423876761559 72
1423876822104 211
1423876882700 48
1423876943421 53
1423877003911 51
1423877064384 49
1423877124845 51
1423877185314 47
1423877245720 52
1423877306198 55
1423877366741 48
1423877427175 52
1423877487670 158
1423877548254 78
1423877608772 75
1423877669317 76
1423877729751 78
1423877790280 50
1423877850690 49
1423877911122 52
1423877971652 49
1423878032107 48
1423878092614 52
1423878153115 47
1423878213551 53
1423878274053 49
1423878334504 64
1423878394965 54
1423878455403 46
1423878515836 48
1423878576324 47
1423878636739 45
1423878697202 74
1423878757720 80
1423878818194 78
1423878878663 101
1423878939236 50
1423878999679 52
1423879060194 46
1423879120738 120
1423879181272 49
1423879241657 75
1423879302121 55
1423879362573 49
1423879423012 52
1423879483475 47
1423879543915 47
1423879604355 79
1423879664859 77
1423879725405 80
1423879785897 53
1423879846365 56
1423879906870 50
1423879967320 50
1423880027771 49
1423880088355 141
1423880148940 57
1423880209397 137
1423880270040 98
1423880330618 52
1423880391101 134
1423880451729 51
1423880512242 136
1423880572826 138
1423880633405 79
1423880693923 171
1423880754480 62
1423880814956 138
1423880875473 165
1423880936047 157
1423880996691 49
1423881057125 50
1423881117589 138
1423881178120 49
1423881238648 143
1423881299177 142
1423881359739 53
1423881420119 50
1423881480621 64
1423881541119 53
1423881601611 135
1423881662208 81
1423881722720 51
1423881783207 51
1423881843736 54
1423881904207 53
1423881964716 78
1423882025217 138
1423882085781 49
1423882146258 50
1423882206725 49
1423882267230 50
1423882327725 61
1423882388210 53
1423882448686 50
1423882509162 83
1423882569657 48
1423882630190 53
1423882690776 80
1423882751270 136
1423882811907 49
1423882872461 51
1423882932953 51
1423882993396 52
1423883053887 48
1423883114388 52
1423883174880 50
1423883235297 49
1423883295748 51
1423883356222 55
1423883416665 51
1423883477152 49
1423883537674 51
1423883598111 51
1423883658534 52
1423883719007 52
1423883779425 50
1423883839959 84
1423883900437 78
1423883960954 93
1423884021438 93
1423884081945 76
1423884142767 145
1423884203397 81
1423884263847 81
1423884324365 51
1423884384847 152
1423884445414 51
1423884505798 47
1423884566247 49
1423884626735 50
1423884687152 51
1423884747621 50
1423884808059 84
1423884868592 76
1423884929166 84
1423884989692 79
1423885050214 79
1423885110673 79
1423885171091 54
1423885231668 52
1423885292170 51
1423885352602 51
1423885413089 83
1423885473574 50
1423885534078 51
1423885594517 52
1423885654940 46
1423885715412 82
1423885775881 79
1423885836407 81
1423885896937 89
1423885957429 80
1423886017892 116
1423886078432 198
1423886139142 51
1423886199582 52
1423886259998 52
1423886320365 52
1423886380865 50
1423886441313 49
1423886501870 51
1423886562310 56
1423886622754 79
1423886683198 79
1423886743671 79
1423886804146 78
1423886864646 80
1423886925189 51
1423886985655 51
1423887046066 48
1423887106474 49
1423887166921 56
1423887227410 55
1423887287921 51
1423887348359 87
1423887408886 51
1423887469393 52
1423887529769 51
1423887590235 50
1423887650611 53
1423887711064 91
1423887771550 90
1423887832120 84
1423887892589 83
1423887953170 50
1423888013670 54
1423888074081 50
1423888134514 53
1423888195030 52
1423888255499 53
1423888316109 50
1423888376654 148
1423888437165 49
1423888497672 62
1423888558120 50
1423888618569 59
1423888679080 73
1423888739559 76
1423888800020 129
1423888860591 83
1423888921162 83
1423888981674 77
1423889042458 50
1423889102876 52
1423889163333 60
1423889223816 48
1423889284288 51
1423889344735 54
1423889405238 52
1423889465816 50
1423889526313 51
1423889586784 49
1423889647243 49
1423889707723 48
1423889768170 89
1423889828731 88
1423889889148 89
1423889949690 49
1423890010197 49
1423890070668 120
1423890131148 51
1423890191571 52
1423890252050 51
1423890312488 50
1423890372955 49
1423890433424 74
1423890493895 49
1423890554382 50
1423890614847 50
1423890675323 58
1423890735804 52
1423890796211 48
1423890856706 77
1423890917227 81
1423890977727 121
1423891038217 54
1423891098713 51
1423891159185 52
1423891220226 51
1423891280844 52
1423891341348 51
1423891401846 57
1423891462288 52
1423891522766 50
1423891583209 52
1423891643702 51
1423891704154 50
1423891764618 51
1423891825129 80
1423891885649 51
1423891946105 53
1423892006555 49
1423892067051 48
1423892127484 48
1423892187933 81
1423892248403 79
1423892308966 54
1423892369440 49
1423892429920 49
1423892490392 49
1423892550818 52
1423892611294 49
1423892671800 49
1423892732289 50
1423892792681 51
1423892853093 50
1423892913616 52
1423892974089 51
1423893034564 57
1423893094979 49
1423893155453 52
1423893215939 50
1423893276484 52
1423893336951 49
1423893397408 52
1423893457981 50
1423893518443 52
1423893578992 66
1423893639500 48
1423893699963 51
1423893760429 50
1423893820966 56
1423893881522 66
