0
0
0
0
0
0
0
0
0
0
0
0
0
0
0
0
0
0
0
0
0
0
0
0
0
0
0
0
0
0
0
0
0
0
0
0
.0133
.0149
.0181
.0188
.0190
.0192
.0192
.0204
.0204
.0204
.0208
.0217
.0222
.0222
.0227
.0227
.0227
.0227
.0232
.0236
.0238
.0238
.0238
.0243
.0243
.0243
.0246
.0250
.0250
.0250
.0250
.0256
.0256
.0263
.0263
.0263
.0263
.0263
.0263
.0263
.0265
.0270
.0270
.0270
.0270
.0270
.0270
.0270
.0270
.0273
.0277
.0277
.0277
.0277
.0277
.0277
.0277
.0277
.0277
.0277
.0285
.0285
.0285
.0285
.0285
.0285
.0285
.0285
.0285
.0285
.0285
.0285
.0285
.0285
.0285
.0285
.0294
.0294
.0294
.0294
.0294
.0294
.0294
.0294
.0294
.0294
.0294
.0294
.0294
.0294
.0303
.0303
.0303
.0303
.0303
.0303
.0303
.0303
.0303
.0303
.0303
.0303
.0303
.0303
.0303
.0303
.0303
.0303
.0303
.0303
.0303
.0303
.0303
.0303
.0303
.0303
.0303
.0303
.0303
.0303
.0303
.0307
.0312
.0312
.0312
.0312
.0312
.0312
.0312
.0312
.0312
.0312
.0312
.0312
.0312
.0312
.0312
.0312
.0312
.0312
.0312
.0312
.0312
.0312
.0312
.0312
.0312
.0312
.0312
.0322
.0322
.0322
.0322
.0322
.0322
.0322
.0322
.0322
.0322
.0322
.0322
.0322
.0322
.0322
.0322
.0322
.0322
.0322
.0322
.0322
.0322
.0322
.0322
.0322
.0322
.0322
.0322
.0322
.0322
.0322
.0322
.0322
.0322
.0322
.0322
.0322
.0322
.0322
.0322
.0322
.0322
.0322
.0322
.0322
.0333
.0333
.0333
.0333
.0333
.0333
.0333
.0333
.0333
.0333
.0333
.0333
.0333
.0333
.0333
.0333
.0333
.0333
.0333
.0333
.0333
.0333
.0333
.0333
.0333
.0333
.0333
.0333
.0333
.0333
.0333
.0333
.0333
.0333
.0333
.0333
.0333
.0333
.0333
.0333
.0333
.0333
.0333
.0333
.0333
.0333
.0333
.0333
.0333
.0333
.0333
.0333
.0333
.0333
.0333
.0333
.0333
.0338
.0338
.0344
.0344
.0344
.0344
.0344
.0344
.0344
.0344
.0344
.0344
.0344
.0344
.0344
.0344
.0344
.0344
.0344
.0344
.0344
.0344
.0344
.0344
.0344
.0344
.0344
.0344
.0344
.0344
.0344
.0344
.0344
.0344
.0344
.0344
.0344
.0344
.0344
.0350
.0357
.0357
.0357
.0357
.0357
.0357
.0357
.0357
.0357
.0357
.0357
.0357
.0357
.0357
.0357
.0357
.0357
.0357
.0357
.0357
.0357
.0357
.0357
.0357
.0357
.0357
.0357
.0357
.0357
.0357
.0357
.0357
.0357
.0357
.0357
.0357
.0357
.0357
.0370
.0370
.0370
.0370
.0370
.0370
.0370
.0370
.0370
.0370
.0370
.0370
.0370
.0370
.0370
.0370
.0377
.0377
.0384
.0384
.0384
.0384
.0384
.0384
.0384
.0400
.0408
.0408
.0416
.0425
.0425
.0425
.0428
.0434
.0434
.0434
.0434
.0434
.0444
.0444
.0444
.0444
.0454
.0454
.0454
.0454
.0465
.0465
.0465
.0465
.0476
.0476
.0476
.0476
.0476
.0476
.0476
.0487
.0487
.0487
.0487
.0487
.0487
.0487
.0500
.0500
.0500
.0500
.0500
.0500
.0500
.0512
.0512
.0512
.0512
.0512
.0512
.0512
.0512
.0512
.0526
.0526
.0526
.0526
.0526
.0526
.0526
.0526
.0526
.0526
.0526
.0526
.0526
.0526
.0526
.0526
.0540
.0540
.0540
.0540
.0540
.0540
.0540
.0540
.0540
.0540
.0540
.0540
.0540
.0540
.0540
.0540
.0540
.0540
.0540
.0540
.0540
.0555
.0555
.0555
.0555
.0555
.0555
.0555
.0555
.0555
.0555
.0555
.0555
.0555
.0555
.0555
.0555
.0555
.0555
.0555
.0555
.0555
.0555
.0555
.0555
.0555
.0555
.0566
.0571
.0571
.0571
.0571
.0571
.0571
.0571
.0571
.0571
.0571
.0571
.0571
.0571
.0571
.0571
.0571
.0571
.0571
.0571
.0571
.0571
.0571
.0571
.0571
.0571
.0571
.0571
.0571
.0571
.0571
.0588
.0588
.0588
.0588
.0588
.0588
.0588
.0588
.0588
.0588
.0588
.0588
.0588
.0588
.0588
.0588
.0588
.0588
.0588
.0588
.0588
.0588
.0588
.0588
.0588
.0588
.0588
.0588
.0588
.0588
.0588
.0588
.0588
.0588
.0588
.0588
.0588
.0588
.0588
.0606
.0606
.0606
.0606
.0606
.0606
.0606
.0606
.0606
.0606
.0606
.0606
.0606
.0606
.0606
.0606
.0606
.0606
.0606
.0606
.0606
.0606
.0606
.0606
.0606
.0606
.0606
.0606
.0606
.0606
.0606
.0606
.0606
.0606
.0606
.0606
.0606
.0606
.0606
.0606
.0606
.0606
.0606
.0606
.0606
.0606
.0606
.0606
.0606
.0606
.0606
.0625
.0625
.0625
.0625
.0625
.0625
.0625
.0625
.0625
.0625
.0625
.0625
.0625
.0625
.0625
.0625
.0625
.0625
.0625
.0625
.0625
.0625
.0625
.0625
.0625
.0625
.0625
.0625
.0625
.0625
.0625
.0625
.0625
.0625
.0625
.0625
.0625
.0625
.0625
.0625
.0625
.0625
.0625
.0625
.0625
.0625
.0625
.0625
.0625
.0625
.0625
.0625
.0625
.0625
.0625
.0625
.0625
.0625
.0625
.0625
.0625
.0638
.0638
.0645
.0645
.0645
.0645
.0645
.0645
.0645
.0645
.0645
.0645
.0645
.0645
.0645
.0645
.0645
.0645
.0645
.0645
.0645
.0645
.0645
.0645
.0645
.0645
.0645
.0645
.0645
.0645
.0645
.0645
.0645
.0645
.0645
.0645
.0645
.0645
.0645
.0645
.0645
.0645
.0645
.0645
.0645
.0645
.0645
.0645
.0645
.0645
.0645
.0645
.0645
.0645
.0645
.0645
.0645
.0645
.0645
.0645
.0645
.0645
.0645
.0645
.0645
.0645
.0645
.0645
.0645
.0645
.0645
.0645
.0645
.0645
.0645
.0655
.0666
.0666
.0666
.0666
.0666
.0666
.0666
.0666
.0666
.0666
.0666
.0666
.0666
.0666
.0666
.0666
.0666
.0666
.0666
.0666
.0666
.0666
.0666
.0666
.0666
.0666
.0666
.0666
.0666
.0666
.0666
.0666
.0666
.0666
.0666
.0666
.0666
.0666
.0666
.0666
.0666
.0666
.0666
.0666
.0666
.0666
.0666
.0666
.0666
.0666
.0666
.0666
.0666
.0666
.0666
.0666
.0666
.0666
.0666
.0666
.0666
.0666
.0666
.0666
.0666
.0666
.0666
.0666
.0666
.0666
.0666
.0666
.0666
.0666
.0666
.0666
.0666
.0666
.0666
.0666
.0666
.0666
.0666
.0681
.0681
.0689
.0689
.0689
.0689
.0689
.0689
.0689
.0689
.0689
.0689
.0689
.0689
.0689
.0689
.0689
.0689
.0689
.0689
.0689
.0689
.0689
.0689
.0689
.0689
.0689
.0689
.0689
.0689
.0689
.0689
.0689
.0689
.0689
.0689
.0689
.0689
.0689
.0689
.0689
.0689
.0689
.0689
.0689
.0689
.0689
.0689
.0689
.0689
.0689
.0689
.0689
.0689
.0689
.0689
.0689
.0689
.0689
.0689
.0689
.0689
.0689
.0689
.0689
.0689
.0689
.0689
.0689
.0689
.0689
.0689
.0689
.0689
.0689
.0689
.0689
.0689
.0689
.0689
.0689
.0697
.0714
.0714
.0714
.0714
.0714
.0714
.0714
.0714
.0714
.0714
.0714
.0714
.0714
.0714
.0714
.0714
.0714
.0714
.0714
.0714
.0714
.0714
.0714
.0714
.0714
.0714
.0714
.0714
.0714
.0714
.0714
.0714
.0714
.0714
.0714
.0714
.0714
.0714
.0714
.0714
.0714
.0714
.0714
.0714
.0714
.0714
.0714
.0714
.0714
.0714
.0714
.0714
.0714
.0714
.0714
.0714
.0731
.0731
.0731
.0731
.0731
.0731
.0731
.0731
.0740
.0740
.0740
.0740
.0740
.0740
.0740
.0740
.0740
.0740
.0740
.0740
.0740
.0740
.0740
.0740
.0740
.0740
.0740
.0740
.0740
.0740
.0740
.0740
.0740
.0740
.0740
.0740
.0740
.0750
.0750
.0750
.0750
.0750
.0769
.0769
.0769
.0769
.0769
.0769
.0769
.0769
.0769
.0789
.0789
.0789
.0789
.0789
.0789
.0800
.0800
.0810
.0810
.0810
.0810
.0810
.0810
.0810
.0810
.0833
.0833
.0833
.0833
.0833
.0833
.0833
.0857
.0857
.0857
.0857
.0857
.0857
.0857
.0857
.0857
.0857
.0857
.0857
.0857
.0857
.0857
.0857
.0857
.0857
.0882
.0882
.0882
.0882
.0882
.0882
.0882
.0882
.0882
.0882
.0882
.0882
.0882
.0909
.0909
.0909
.0909
.0909
.0909
.0909
.0909
.0909
.0909
.0909
.0909
.0937
.0937
.0937
.0937
.0937
.0937
.0937
.0937
.0937
.0937
.0937
.0937
.0937
.0937
.0937
.0937
.0937
.0937
.0967
.0967
.0967
.0967
.0967
.0967
.0967
.0967
.0967
.0967
.0967
.0967
.0967
.0967
.0967
.0967
.0967
.0967
.0967
.0967
.0967
.0967
.0967
.0967
.0967
.0967
.0967
.0967
.0975
.1000
.1000
.1000
.1000
.1000
.1000
.1000
.1000
.1000
.1000
.1000
.1000
.1000
.1000
.1000
.1000
.1000
.1000
.1000
.1000
.1000
.1000
.1000
.1000
.1000
.1000
.1000
.1000
.1000
.1025
.1034
.1034
.1034
.1034
.1034
.1034
.1034
.1034
.1034
.1034
.1034
.1034
.1034
.1034
.1034
.1034
.1034
.1034
.1034
.1034
.1034
.1034
.1034
.1034
.1034
.1034
.1034
.1034
.1071
.1071
.1071
.1071
.1071
.1071
.1071
.1071
.1071
.1071
.1071
.1071
.1071
.1071
.1071
.1071
.1071
.1081
.1081
.1111
.1111
.1111
.1111
.1111
.1111
.1142
.1142
.1142
.1153
.1212
.1212
.1212
.1250
.1250
.1290
.1290
.1290
.1333
.1333
.1333
.1562
.1562
.1764
.3181
.3250
.3255
.3600
.4305
.4912
.5068
.5094
.6216
