23.1 10.2
22.1 10.2
21.3 10.2
20.6 10.2
20.0 10.0
20.1 10.3
19.6 10.3
19.1 10.3
18.2 10.3
17.4 10.3
16.7 10.3
16.2 10.3
15.6 10.3
14.9 10.3
14.4 10.3
13.9 10.3
13.4 10.3
13.0 10.3
12.6 10.3
12.2 10.3
11.8 10.3
11.5 10.3
11.2 10.3
11.0 10.3
10.7 10.3
10.5 10.3
10.2 10.3
10.0 10.3
 9.7 10.3
 9.5 10.3
 9.3 10.3
 9.1 10.3
 8.9 10.3
 8.7 10.3
 8.5 10.3
 8.5 10.3
 8.3 10.3
 8.1 10.3
 8.0 10.3
 7.8 10.3
 7.7 10.3
 7.5 10.3
 7.4 10.3
 7.3 10.3
 7.2 10.3
 7.0 10.3
 6.9 10.3
 6.9 10.1
 6.8 10.1
 6.7 10.1
 6.6 10.1
 6.5 10.1
 6.4 10.1
 6.3 10.1
 6.2 10.1
 6.1 10.1
 6.0 10.1
 5.9 10.1
 5.8 10.1
 5.8 10.1
 5.7 10.1
 5.7 10.1
 5.6 10.1
 5.5 10.1
 5.5 10.1
 5.4 10.1
 5.3 10.1
 5.3 10.1
 5.2 10.1
 5.1 10.1
 5.1 10.1
 5.0 10.1
 5.0 10.1
 4.9 10.1
 4.9 10.1
 4.8 10.1
 4.8 10.1
 4.7 10.1
 4.7 10.1
 4.6 10.1
 4.6 10.1
 4.5 10.1
 4.5 10.1
 4.5 10.1
 4.4 10.1
 4.4 10.1
 4.3 10.1
 4.3 10.1
 4.2 10.1
 4.2 10.1
 4.2 10.1
 4.1 10.1
 4.1 10.1
 4.0 10.1
 4.0 10.1
 4.0 10.1
 4.0 10.1
 3.9 10.1
 3.9 10.1
 3.9 10.1
 3.8 10.1
 3.8 10.1
 3.8 10.1
 3.7 10.1
 3.7 10.1
 3.7 10.1
 3.6 10.1
 3.6 10.1
 3.6 10.1
 3.6 10.1
 3.6 10.1
 3.5 10.1
 3.5 10.1
 3.5 10.1
 3.5 10.1
 3.4 10.1
 3.4 10.1
 3.4 10.1
 3.4 10.1
 3.4 10.1
 3.3 10.1
 3.3 10.1
 3.3 10.1
 3.3 10.1
 3.2 10.1
 3.2 10.1
 3.2 10.1
 3.2 10.1
 3.2 10.1
 3.1 10.1
 3.1 10.1
 3.1 10.1
 3.1 10.1
 3.1 10.1
 3.0 10.1
 3.0 10.1
 3.0 10.1
 3.0 10.1
 3.0 10.1
 2.9 10.1
 2.9 10.1
 2.9 10.1
 2.9 10.1
 2.9 10.1
 2.9 10.1
 2.9 10.2
 2.8 10.2
 2.8 10.2
 2.8 10.2
 2.8 10.6
 2.8 10.6
 2.8 10.6
 2.7 10.6
 2.7 10.6
 2.7 10.6
 2.7 10.6
 2.7 10.6
 2.7 10.6
 2.7 10.6
 2.7 10.6
 2.6 10.6
 2.6 10.6
 2.6 10.6
 2.6 10.6
 2.6 10.6
 2.6 10.6
 2.6 10.6
 2.6 10.6
 2.5 10.6
 2.5 10.6
 2.5 10.6
 2.5 10.6
 2.5 10.6
 2.5 10.6
 2.5 10.6
 2.5 10.6
 2.4 10.6
 2.4 10.6
 2.4 10.6
 2.4 10.6
 2.4 10.6
 2.4 10.6
 2.4 10.6
 2.4 10.6
 2.4 10.6
 2.3 10.6
 2.3 10.6
 2.3 10.6
 2.3 10.6
 2.3 10.6
 2.3 10.6
 2.3 10.6
 2.3 10.6
 2.3 10.6
 2.3 10.6
 2.3 10.6
 2.2 10.6
 2.2 10.6
 2.2 10.6
 2.2 10.6
 2.2 10.6
 2.2 10.6
 2.2 10.6
 2.2 10.6
 2.2 10.6
 2.2 10.6
 2.2 10.6
 2.1 10.6
 2.1 10.6
 2.1 10.6
 2.1 10.6
 2.1 10.6
 2.1 10.6
 2.1 10.6
 2.1 10.6
 2.1 10.6
 2.1 10.6
 2.1 10.6
 2.1 10.6
 2.0 10.6
 2.0 10.6
 2.0 10.6
 2.0 10.6
 2.0 10.6
 2.0 10.6
 2.0 10.6
 2.0 10.6
 2.0 10.6
 2.0 10.6
 2.0 10.6
 2.0 10.6
 2.0 10.6
 2.0 10.6
 1.9 10.6
 1.9 10.6
 1.9 10.6
 1.9 10.6
 1.9 10.6
 1.9 10.6
 1.9 10.6
 1.9 10.6
 1.9 10.6
 1.9 10.6
 1.9 10.6
 1.9 10.6
 1.9 10.6
 1.9 10.6
 1.9 10.6
 1.9 10.6
 1.8 10.6
 1.9 10.7
 1.9 10.6
 1.9 10.6
 1.9 10.6
 1.8 10.6
 1.8 10.6
 1.8 10.6
 1.8 10.6
 1.8 10.6
 1.8 10.6
 1.8 10.6
 1.8 10.6
 1.8 10.7
 1.8 10.6
 1.8 10.6
 1.8 10.6
 1.8 10.6
 1.8 10.6
 1.8 10.6
 1.8 10.6
 1.8 10.6
 1.8 10.6
 1.8 10.6
 1.8 10.6
 1.8 10.6
 1.8 10.6
 1.8 10.6
 1.8 10.6
 1.7 10.6
 1.7 10.6
 1.7 10.6
 1.7 10.6
 1.7 10.6
 1.7 10.6
 1.7 10.6
 1.7 10.6
 1.7 10.6
 1.7 10.6
 1.7 10.6
 1.7 10.6
 1.7 10.6
 1.7 10.6
 1.7 10.6
 1.7 10.6
 1.7 10.6
 1.7 10.6
 1.7 10.6
 1.7 10.6
 1.7 10.6
 1.7 10.6
 1.7 10.6
 1.7 10.6
 1.7 10.6
 1.6 10.6
 1.6 10.6
 1.6 10.6
 1.6 10.6
 1.6 10.6
 1.6 10.6
 1.6 10.6
 1.6 10.6
 1.6 10.6
 1.6 10.6
 1.6 10.6
 1.6 10.6
 1.6 10.6
 1.6 10.6
 1.6 10.6
 1.6 10.6
 1.6 10.6
 1.6 10.6
 1.6 10.6
 1.6 10.6
 1.6 10.6
 1.6 10.6
 1.6 10.6
 1.6 10.6
 1.6 10.6
 1.5 10.6
 1.5 10.6
 1.5 10.6
 1.5 10.6
 1.5 10.6
 1.5 10.6
 1.5 10.6
 1.5 10.6
 1.5 10.6
 1.5 10.6
 1.5 10.6
 1.5 10.6
 1.5 10.6
 1.5 10.6
 1.5 10.6
 1.5 10.6
 1.5 10.6
 1.5 10.6
 1.5 10.6
 1.5 10.6
 1.5 10.6
 1.5 10.6
 1.5 10.6
 1.5 10.6
 1.5 10.6
 1.5 10.6
 1.5 10.6
 1.5 10.6
 1.4 10.6
 1.4 10.6
 1.5 10.6
 1.5 10.6
 1.4 10.6
 1.4 10.6
 1.4 10.6
 1.4 10.6
 1.4 10.6
 1.4 10.6
 1.4 10.6
 1.4 10.6
 1.4 10.6
 1.4 10.6
 1.4 10.6
 1.4 10.6
 1.4 10.6
 1.4 10.6
 1.4 10.6
 1.4 10.6
 1.4 10.6
 1.4 10.6
 1.4 10.6
 1.4 10.6
 1.4 10.6
 1.4 10.6
 1.4 10.6
 1.4 10.6
 1.4 10.6
 1.4 10.6
 1.4 10.6
 1.4 10.6
 1.4 10.6
 1.4 10.6
 1.4 10.6
 1.4 10.6
 1.4 10.6
 1.3 10.6
 1.3 10.6
 1.3 10.6
 1.3 10.6
 1.3 10.6
 1.3 10.6
 1.3 10.6
 1.3 10.6
 1.3 10.6
 1.3 10.6
 1.3 10.6
 1.3 10.6
 1.3 10.6
 1.3 10.6
 1.3 10.6
 1.3 10.6
 1.3 10.6
 1.3 10.6
 1.3 10.6
 1.3 10.7
 1.3 10.7
 1.3 10.7
 1.3 10.7
 1.3 10.7
 1.3 10.7
 1.3 10.7
 1.3 10.7
 1.3 10.7
 1.3 10.7
 1.3 10.7
 1.3 10.7
 1.3 10.7
 1.3 10.7
 1.3 10.7
 1.3 10.7
 1.3 10.7
 1.3 10.7
 1.3 10.7
 1.3 10.7
 1.3 10.7
 1.3 10.7
 1.3 10.7
 1.3 10.7
 1.2 10.7
 1.2 10.7
 1.2 10.7
 1.2 10.7
 1.2 10.7
 1.2 10.7
 1.2 10.7
 1.2 10.7
 1.2 10.7
 1.2 10.7
 1.2 10.7
 1.2 10.7
 1.2 10.7
 1.2 10.7
 1.2 10.7
 1.2 10.7
 1.2 10.7
 1.2 10.7
 1.2 10.7
 1.2 10.7
 1.2 10.7
 1.2 10.7
 1.2 10.7
 1.2 10.7
 1.2 10.7
 1.2 10.7
 1.2 10.7
 1.2 10.7
 1.2 10.7
 1.2 10.7
 1.2 10.7
 1.2 10.7
 1.2 10.7
 1.2 10.7
 1.2 10.7
 1.2 10.7
 1.2 10.7
 1.2 10.7
 1.2 10.7
 1.2 10.7
 1.2 10.7
 1.2 10.7
 1.2 10.7
 1.2 10.7
 1.2 10.7
 1.2 10.7
 1.2 10.7
 1.2 10.7
 1.2 10.7
 1.2 10.7
 1.2 10.7
 1.2 10.7
 1.2 10.7
 1.2 10.7
 1.2 10.7
 1.2 10.7
 1.2 10.7
 1.2 10.7
 1.2 10.7
 1.1 10.7
 1.1 10.7
 1.1 10.7
 1.1 10.7
 1.1 10.7
 1.1 10.7
 1.1 10.7
 1.1 10.7
 1.1 10.7
 1.1 10.7
 1.1 10.7
 1.1 10.7
 1.1 10.7
 1.1 10.7
 1.1 10.7
 1.1 10.7
 1.1 10.7
 1.1 10.7
 1.1 10.7
 1.1 10.7
 1.1 10.7
 1.1 10.7
 1.1 10.7
 1.1 10.7
 1.1 10.7
 1.1 10.7
 1.1 10.7
 1.1 10.7
 1.1 10.7
 1.1 10.7
 1.1 10.7
 1.1 10.7
 1.1 10.7
 1.1 10.7
 1.1 10.7
 1.1 10.7
 1.1 10.7
 1.1 10.7
 1.1 10.7
 1.1 10.7
 1.1 10.7
 1.1 10.7
 1.1 10.7
 1.1 10.7
 1.1 10.7
 1.1 10.7
 1.1 10.7
 1.1 10.7
 1.1 10.7
 1.1 10.7
 1.1 10.7
 1.1 10.7
 1.1 10.7
 1.1 10.7
 1.1 10.7
 1.1 10.7
 1.1 10.7
 1.1 10.7
 1.1 10.7
 1.1 10.7
 1.1 10.7
 1.1 10.7
 1.1 10.7
 1.1 10.7
 1.1 10.7
 1.1 10.7
 1.1 10.7
 1.1 10.7
 1.1 10.7
 1.1 10.7
 1.1 10.7
 1.1 10.7
 1.1 10.7
 1.1 10.7
 1.1 10.7
 1.1 10.7
 1.1 10.7
 1.1 10.7
 1.1 10.7
 1.1 10.7
 1.1 10.7
 1.1 10.7
 1.1 10.7
 1.1 10.7
 1.1 10.7
 1.1 10.7
 1.1 10.7
 1.1 10.7
 1.1 10.7
 1.1 10.7
 1.1 10.7
 1.1 10.7
 1.1 10.7
 1.1 10.7
 1.1 10.7
 1.1 10.7
 1.1 10.7
 1.1 10.7
 1.1 10.7
 1.1 10.7
 1.1 10.7
 1.1 10.7
 1.1 10.7
 1.1 10.7
 1.1 10.7
 1.1 10.7
 1.1 10.7
 1.0 10.7
 1.0 10.7
 1.0 10.7
 1.0 10.7
 1.0 10.7
 1.0 10.7
 1.0 10.7
 1.0 10.7
 1.0 10.7
 1.0 10.7
 1.0 10.7
 1.0 10.7
 1.0 10.7
 1.0 10.7
 1.0 10.7
 1.0 10.7
 1.0 10.7
 1.0 10.7
 1.0 10.7
 1.0 10.7
 1.0 10.7
 1.0 10.7
 1.0 10.7
 1.0 10.7
 1.0 10.7
 1.0 10.7
 1.0 10.7
 1.0 10.7
 1.0 10.7
 1.0 10.7
 1.0 10.7
 1.0 10.7
 1.0 10.7
 1.0 10.7
 1.0 10.7
 1.0 10.7
 1.0 10.7
 1.0 10.7
 1.0 10.7
 1.0 10.7
 1.0 10.7
 1.0 10.7
 1.0 10.7
 1.0 10.7
 1.0 10.7
 1.0 10.7
 1.0 10.7
 1.0 10.7
 1.0 10.7
 1.0 10.7
 1.0 10.7
 1.0 10.7
 1.0 10.7
 1.0 10.7
 1.0 10.7
 1.0 10.7
 1.0 10.7
 1.0 10.7
 1.0 10.7
 1.0 10.7
 1.0 10.7
 1.0 10.7
 1.0 10.7
 1.0 10.7
 1.0 10.7
 1.0 10.7
 1.0 10.7
 1.0 10.7
 1.0 10.7
 1.0 10.7
 1.0 10.7
 1.0 10.7
 1.0 10.7
 1.0 10.7
 1.0 10.7
 1.0 10.7
 1.0 10.7
 1.0 10.7
 1.0 10.7
 1.0 11.1
 1.0 10.7
 1.0 10.7
 1.0 10.7
 1.0 10.7
 1.0 10.7
 1.0 10.7
 1.0 10.7
 1.0 10.7
 1.0 10.7
 1.0 10.7
 1.0 10.7
 1.0 10.7
 1.0 10.7
 1.0 10.7
 1.0 10.7
 1.0 10.7
 1.0 10.7
 1.0 10.7
 1.0 10.7
 1.0 10.7
 1.0 10.7
 1.0 10.7
 1.0 10.7
 1.0 10.7
 1.0 10.7
 1.0 10.7
 1.0 10.7
 1.0 10.7
 1.0 10.7
 1.0 10.7
 1.0 10.7
 1.0 10.7
 1.0 10.7
 1.0 10.7
 1.0 10.7
 1.0 10.7
 1.0 10.7
 1.0 10.7
 1.0 10.7
 1.0 10.7
 1.0 10.7
 1.0 10.7
 1.0 10.7
 1.0 10.7
 1.0 10.7
 1.0 10.7
 1.0 10.7
 1.0 10.7
 1.0 10.7
 1.0 10.7
 1.0 10.7
 1.0 10.7
 1.0 10.7
 1.0 10.7
 1.0 10.7
 1.0 10.7
 1.0 10.7
 1.0 10.7
 1.0 10.7
 1.0 10.7
 1.0 10.7
 1.0 10.7
 1.0 10.7
 1.0 10.7
 1.0 10.7
 1.0 10.7
 1.0 10.7
 1.0 10.7
 1.0 10.7
 1.0 10.7
 1.0 10.7
 1.0 10.7
 1.0 10.7
 1.0 10.7
 1.0 10.7
 1.0 10.7
 1.0 10.7
 1.0 10.7
 1.0 10.7
 1.0 10.7
 1.0 10.7
 1.0 10.7
 1.0 10.7
 1.0 10.7
 1.0 10.7
 1.0 10.7
 1.0 10.7
 1.0 10.7
 1.0 10.7
 0.9 10.7
 0.9 10.7
 0.9 10.7
 0.9 10.7
 0.9 10.7
 0.9 10.7
 0.9 10.7
 0.9 10.7
 0.9 10.7
 0.9 10.7
 0.9 10.7
 0.9 10.7
 0.9 10.7
 0.9 10.7
 0.9 10.7
 0.9 10.7
 0.9 10.7
 0.9 10.7
 0.9 10.7
 0.9 10.7
 0.9 10.7
 0.9 10.7
 0.9 10.7
 0.9 10.7
 0.9 10.7
 0.9 10.7
 0.9 10.7
 0.9 10.7
 0.9 10.7
 0.9 10.7
 0.9 10.7
 0.9 10.7
 0.9 10.7
 0.9 10.7
 0.9 10.7
 0.9 10.7
 0.9 10.7
 0.9 10.7
 0.9 10.7
 0.9 10.7
 0.9 10.7
 0.9 10.7
 0.9 10.7
 0.9 10.7
 0.9 10.7
 0.9 10.7
 0.9 10.7
 0.9 10.7
 0.9 10.7
 0.9 10.7
 0.9 10.7
 0.9 10.7
 0.9 10.7
 0.9 10.7
 0.9 10.7
 0.9 10.7
 0.9 10.7
 0.9 10.7
 0.9 10.7
 0.9 10.7
 0.9 10.7
 0.9 10.7
 0.9 10.7
 0.9 10.7
 0.9 10.7
 0.9 10.7
 0.9 10.7
 0.9 10.7
 0.9 10.7
 0.9 10.7
 0.9 10.7
 0.9 10.7
 0.9 10.7
 0.9 10.7
 0.9 10.7
 0.9 10.7
 0.9 10.7
 0.9 10.7
 0.9 10.7
 0.9 10.7
 0.9 10.7
 0.9 10.7
 0.9 10.7
 0.9 10.7
 0.9 10.7
 0.9 10.7
 0.9 10.7
 0.9 10.7
 0.9 10.7
 0.9 10.7
 0.9 10.7
 0.9 10.7
 0.9 10.7
 0.9 10.7
 0.9 10.7
 0.9 10.7
 0.9 10.7
 0.9 10.7
 0.9 10.7
 0.9 10.7
 0.9 10.7
 0.9 10.8
 0.9 10.7
 0.9 10.7
 0.9 10.7
 0.9 10.7
 0.9 10.7
 0.9 10.7
 0.9 10.7
 0.9 10.7
 0.9 10.7
 0.9 10.7
 0.9 10.7
 0.9 10.7
 0.9 10.7
 0.9 10.7
 0.9 10.7
 0.9 10.7
 0.9 10.7
 0.9 10.7
 0.9 10.7
 0.9 10.7
 0.9 10.7
 0.9 10.7
 0.9 10.7
 0.9 10.7
 0.9 10.7
 0.9 10.7
 0.9 10.7
 0.9 10.7
 0.9 10.7
 0.9 10.7
 0.9 10.7
 0.9 10.7
 0.9 10.7
 0.9 10.7
 0.9 10.7
 0.9 10.7
 0.9 10.7
 0.9 10.7
 0.9 10.7
 0.9 10.7
 0.9 10.7
 0.9 10.7
 0.9 10.7
 0.9 10.7
 0.9 10.7
 0.9 10.7
 0.9 10.7
 0.9 10.7
 0.9 10.7
 0.9 10.7
 0.9 10.7
 0.9 10.7
 0.9 10.7
 0.9 10.7
 0.9 10.7
 0.9 10.7
 0.9 10.7
 0.9 10.7
 0.9 10.7
 0.9 10.7
 0.9 10.7
 0.9 10.7
 0.9 10.7
 0.9 10.7
 0.9 10.7
 0.9 10.7
 0.9 10.7
 0.9 10.7
 0.9 10.7
 0.9 10.7
 0.9 10.7
 0.9 10.7
 0.9 10.7
 0.9 10.7
 0.9 10.7
 0.9 10.7
 0.9 10.7
 0.9 10.7
 0.9 10.7
 0.9 10.7
 0.9 10.7
 0.9 10.7
 0.9 10.7
 0.9 10.7
 0.9 10.7
 0.9 10.7
 0.9 10.7
 0.9 10.7
 0.9 10.7
 0.9 10.7
 0.9 10.7
 0.9 10.7
 0.9 10.7
 0.9 10.7
 0.9 10.7
 0.9 10.7
 0.9 10.7
 0.9 10.7
 0.9 10.7
 0.9 10.7
 0.9 10.7
 0.9 10.7
 0.8 10.7
 0.8 10.7
 0.8 10.7
 0.8 10.7
 0.8 10.7
 0.8 10.7
 0.8 10.7
 0.8 10.7
 0.8 10.7
 0.8 10.7
 0.8 10.7
 0.8 10.7
 0.8 10.7
 0.8 10.7
 0.8 10.7
 0.8 10.7
 0.8 10.7
 0.8 10.7
 0.8 10.7
 0.8 10.7
 0.8 10.7
 0.8 10.7
 0.8 10.7
 0.8 10.7
 0.8 10.7
 0.8 10.7
 0.8 10.7
 0.8 10.7
 0.8 10.7
 0.8 10.7
 0.8 10.7
 0.8 10.7
 0.8 10.7
 0.8 10.7
 0.8 10.7
 0.8 10.7
 0.8 10.7
 0.8 10.7
 0.8 10.7
 0.8 10.7
 0.8 10.7
 0.8 10.7
 0.8 10.7
 0.8 10.7
 0.8 10.7
 0.8 10.7
 0.8 10.7
 0.8 10.7
 0.8 10.7
 0.8 10.7
 0.8 10.7
 0.8 10.7
 0.8 10.7
 0.8 10.7
 0.8 10.7
 0.8 10.7
 0.8 10.7
 0.8 10.7
 0.8 10.7
 0.8 10.7
 0.8 10.7
 0.8 10.7
 0.8 10.7
 0.8 10.7
 0.8 10.7
 0.8 10.7
 0.8 10.7
 0.8 10.7
 0.8 10.7
 0.8 10.7
 0.8 10.7
 0.8 10.7
 0.8 10.7
 0.8 10.7
 0.8 10.7
 0.8 10.7
 0.8 10.7
 0.8 10.7
 0.8 10.7
 0.8 10.7
 0.8 10.7
 0.8 10.7
 0.8 10.7
 0.8 10.7
 0.8 10.7
 0.8 10.7
 0.8 10.7
 0.8 10.7
 0.8 10.7
 0.8 10.7
 0.8 10.7
 0.8 10.7
 0.8 10.7
 0.8 10.7
 0.8 10.7
 0.8 10.7
 0.8 10.7
 0.8 10.7
 0.8 10.7
 0.8 10.7
 0.8 10.7
 0.8 10.7
 0.8 10.7
 0.8 10.7
 0.8 10.7
 0.8 10.7
 0.8 10.7
 0.8 10.7
 0.8 10.7
 0.8 10.7
 0.8 10.7
 0.8 10.7
 0.8 10.7
 0.8 10.7
 0.8 10.7
 0.8 10.7
 0.8 10.7
 0.8 10.7
 0.8 10.7
 0.8 10.7
 0.8 10.7
 0.8 10.7
 0.8 10.7
 0.8 10.7
 0.8 10.7
 0.8 10.7
 0.8 10.7
 0.8 10.7
 0.8 10.7
 0.8 10.7
 0.8 10.7
 0.8 10.7
 0.8 10.7
 0.8 10.7
 0.8 10.7
 0.8 10.7
 0.8 10.7
 0.8 10.7
 0.8 10.7
 0.8 10.7
 0.8 10.7
 0.8 10.7
 0.8 10.7
 0.8 10.7
 0.8 10.7
 0.8 10.7
 0.8 10.7
 0.8 10.7
 0.8 10.7
 0.8 10.7
 0.8 10.7
 0.8 10.7
 0.8 10.7
 0.8 10.7
 0.8 10.7
 0.8 10.7
 0.8 10.7
 0.8 10.7
 0.8 10.7
 0.8 10.7
 0.8 10.7
 0.8 10.7
 0.8 10.7
 0.8 10.7
 0.8 10.7
 0.8 10.7
 0.8 10.7
 0.8 10.7
 0.8 10.7
 0.8 10.7
 0.8 10.7
 0.8 10.7
 0.8 10.7
 0.8 10.7
 0.8 10.7
 0.8 10.7
 0.8 10.7
 0.8 10.7
 0.8 10.7
 0.8 10.7
 0.8 10.7
 0.8 10.7
 0.8 10.7
 0.8 10.7
 0.8 10.7
 0.8 10.7
 0.8 10.7
 0.8 10.7
 0.8 10.7
 0.8 10.7
 0.8 10.7
 0.8 10.7
 0.8 10.7
 0.8 10.7
 0.8 10.7
 0.8 10.7
 0.8 10.7
 0.8 10.7
 0.8 10.7
 0.8 10.7
 0.8 10.7
 0.8 10.7
 0.8 10.7
 0.8 10.7
 0.8 10.7
 0.8 10.7
 0.8 10.7
 0.8 10.7
 0.8 10.7
 0.7 10.7
 0.7 10.7
 0.7 10.7
 0.7 10.7
 0.7 10.7
 0.7 10.7
 0.7 10.7
 0.7 10.7
 0.7 10.7
 0.7 10.7
 0.7 10.7
 0.7 10.7
 0.7 10.7
 0.7 10.7
 0.7 10.7
 0.7 10.7
 0.7 10.7
 0.7 10.7
 0.7 10.7
 0.7 10.7
 0.7 10.7
 0.7 10.7
 0.7 10.7
 0.7 10.7
 0.7 10.7
 0.7 10.7
 0.7 10.7
 0.7 10.7
 0.7 10.7
 0.7 10.7
 0.7 10.7
 0.7 10.7
 0.7 10.7
 0.7 10.7
 0.7 10.7
 0.7 10.7
 0.7 10.7
 0.7 10.7
 0.7 10.7
 0.7 10.7
 0.7 10.7
 0.7 10.7
 0.7 10.7
 0.7 10.7
 0.7 10.7
 0.7 10.7
 0.7 10.7
 0.7 10.7
 0.7 10.7
 0.7 10.7
 0.7 10.7
 0.7 10.7
 0.7 10.7
 0.7 10.7
 0.7 10.7
 0.7 10.7
 0.7 10.7
 0.7 10.7
 0.7 10.7
 0.7 10.7
 0.7 10.7
 0.7 10.7
 0.7 10.7
 0.7 10.7
 0.7 10.7
 0.7 10.7
 0.7 10.7
 0.7 10.7
 0.7 10.7
 0.7 10.7
 0.7 10.7
 0.7 10.7
 0.7 10.7
 0.7 10.7
 0.7 10.7
 0.7 10.7
 0.7 10.7
 0.7 10.7
 0.7 10.7
 0.7 10.7
 0.7 10.7
 0.7 10.7
 0.7 10.7
 0.7 10.7
 0.7 10.7
 0.7 10.7
 0.7 10.7
 0.7 10.7
 0.7 10.7
 0.7 10.7
 0.7 10.7
 0.7 10.7
 0.7 10.7
 0.7 10.7
 0.7 10.7
 0.7 10.7
 0.7 10.7
 0.7 10.7
 0.7 10.7
 0.7 10.7
 0.7 10.7
 0.7 10.7
 0.7 10.7
 0.7 10.7
 0.7 10.7
 0.7 10.7
 0.7 10.7
 0.7 10.7
 0.7 10.7
 0.7 10.7
 0.7 10.7
 0.7 10.7
 0.7 10.7
 0.7 10.7
 0.7 10.7
 0.7 10.7
 0.7 10.7
 0.7 10.7
 0.7 10.7
 0.7 10.7
 0.7 10.7
 0.7 10.7
 0.7 10.7
 0.7 10.7
 0.7 10.7
 0.7 10.7
 0.7 10.7
 0.7 10.7
 0.7 10.7
 0.7 10.7
 0.7 10.7
 0.7 10.7
 0.7 10.7
 0.7 10.7
 0.7 10.7
 0.7 10.7
 0.7 10.7
 0.7 10.7
 0.7 10.7
 0.7 10.7
 0.7 10.7
 0.7 10.7
 0.7 10.7
 0.7 10.7
 0.7 10.7
 0.7 10.7
 0.7 10.7
 0.7 10.7
 0.7 10.7
 0.7 10.7
 0.7 10.7
 0.7 10.7
 0.7 10.7
 0.7 10.7
 0.7 10.7
 0.7 10.7
 0.7 10.7
 0.7 10.7
 0.7 10.7
 0.7 10.7
 0.7 10.7
 0.7 10.7
 0.7 10.7
 0.7 10.7
 0.7 10.7
 0.7 10.7
 0.7 10.7
 0.7 10.7
 0.7 10.7
 0.7 10.7
 0.7 10.7
 0.7 10.7
 0.7 10.7
 0.7 10.7
 0.7 10.7
 0.7 10.7
 0.7 10.7
 0.7 10.7
 0.7 10.7
 0.7 10.7
 0.7 10.7
 0.7 10.7
 0.7 10.7
 0.7 10.7
 0.7 10.7
 0.7 10.7
 0.7 10.7
 0.7 10.7
 0.7 10.7
 0.7 10.7
 0.7 10.7
 0.7 10.7
 0.7 10.7
 0.7 10.7
 0.7 10.7
 0.7 10.7
 0.7 10.7
 0.7 10.7
 0.7 10.7
 0.7 10.7
 0.7 10.7
 0.7 10.7
 0.7 10.7
 0.7 10.7
 0.7 10.7
 0.7 10.7
 0.7 10.7
 0.7 10.7
 0.7 10.7
 0.7 10.7
 0.7 10.7
 0.7 10.7
 0.7 10.7
 0.7 10.7
 0.7 10.7
 0.7 10.7
 0.7 10.7
 0.7 10.7
 0.7 10.7
 0.7 10.7
 0.7 10.7
 0.7 10.7
 0.7 10.7
 0.7 10.7
 0.7 10.7
 0.7 10.7
 0.7 10.7
 0.7 10.7
 0.7 10.7
 0.7 10.7
 0.7 10.7
 0.7 10.7
 0.7 10.7
 0.7 10.7
 0.7 10.7
 0.7 10.7
 0.7 10.7
 0.7 10.7
 0.7 10.7
 0.7 10.7
 0.7 10.7
 0.7 10.7
 0.7 10.7
 0.7 10.7
 0.7 10.7
 0.7 10.7
 0.7 10.7
 0.7 10.7
 0.7 10.7
 0.7 10.7
 0.7 10.7
 0.7 10.7
 0.7 10.7
 0.7 10.7
 0.7 10.7
 0.7 10.7
 0.7 10.7
 0.7 10.7
 0.7 10.7
 0.7 10.7
 0.7 10.7
 0.7 10.7
 0.7 10.7
 0.7 10.7
 0.7 10.7
 0.7 10.7
 0.7 10.7
 0.7 10.7
 0.7 10.7
 0.7 10.7
 0.7 10.7
 0.7 10.7
 0.6 10.7
 0.6 10.7
 0.6 10.7
 0.6 10.7
 0.6 10.7
 0.6 10.7
 0.6 10.7
 0.6 10.7
 0.6 10.7
 0.6 10.7
 0.6 10.7
 0.6 10.7
 0.6 10.7
 0.6 10.7
 0.6 10.7
 0.6 10.7
 0.6 10.7
 0.6 10.7
 0.6 10.7
 0.6 10.7
 0.6 10.7
 0.6 10.7
 0.6 10.7
 0.6 10.7
 0.6 10.7
 0.6 10.7
 0.6 10.7
 0.6 10.7
 0.6 10.7
 0.6 10.7
 0.6 10.7
 0.6 10.7
 0.6 10.7
 0.6 10.7
 0.6 10.7
 0.6 10.7
 0.6 10.7
 0.6 10.7
 0.6 10.7
 0.6 10.7
 0.6 10.7
 0.6 10.7
 0.6 10.7
 0.6 10.7
 0.6 10.7
 0.6 10.7
 0.6 10.7
 0.6 10.7
 0.6 10.7
 0.6 10.7
 0.6 10.7
 0.6 10.7
 0.6 10.7
 0.6 10.7
 0.6 10.7
 0.6 10.7
 0.6 10.7
 0.6 10.7
 0.6 10.7
 0.6 10.7
 0.6 10.7
 0.6 10.7
 0.6 10.7
 0.6 10.7
 0.6 10.7
 0.6 10.7
 0.6 10.7
 0.6 10.7
 0.6 10.7
 0.6 10.7
 0.6 10.7
 0.6 10.7
 0.6 10.7
 0.6 10.7
 0.6 10.7
 0.6 10.7
 0.6 10.7
 0.6 10.7
 0.6 10.7
 0.6 10.7
 0.6 10.7
 0.6 10.7
 0.6 10.7
 0.6 10.7
 0.6 10.7
 0.6 10.7
 0.6 10.7
 0.6 10.6
 0.6 10.6
 0.6 10.6
 0.6 10.6
 0.6 10.6
 0.6 10.6
 0.6 10.6
 0.6 10.6
 0.6 10.6
 0.6 10.6
 0.6 10.6
 0.6 10.6
 0.6 10.6
 0.6 10.6
 0.7 10.5
 0.7 10.5
 0.7 10.5
 0.7 10.3
 0.7 10.3
 0.7 10.3
 0.7 10.2
 0.7 10.2
 0.7 10.1
 0.7 10.1
 0.7 10.0
 0.7 10.0
 0.7  9.9
 0.7  9.9
 0.7  9.7
 0.7  9.7
 0.7  9.6
 0.8  9.5
 0.8  9.4
 0.8  9.3
 0.8  9.3
 0.8  9.2
 0.8  9.2
 0.8  9.1
 0.8  9.1
 0.8  9.1
 0.8  9.1
 0.8  9.1
 0.8  9.1
 0.8  9.1
 0.8  9.1
 0.8  9.1
 0.8  9.1
 0.8  9.1
 0.8  9.1
 0.8  9.1
 0.8  9.1
 0.8  9.1
 0.8  9.1
 0.8  9.1
 0.8  9.1
 0.8  9.1
 0.8  9.1
 0.8  9.1
 0.8  9.1
 0.8  9.1
 0.8  9.1
 0.8  9.1
 0.8  9.1
 0.8  9.1
 0.8  9.1
 0.8  9.1
 0.8  9.1
 0.8  9.1
 0.8  9.1
 0.8  9.1
 0.8  9.1
 0.8  9.1
 0.8  9.1
 0.8  9.1
 0.8  9.1
 0.8  9.1
 0.8  9.1
 0.8  9.1
 0.8  9.1
 0.8  9.1
 0.8  9.1
 0.8  9.1
 0.8  9.1
 0.8  9.1
 0.8  9.1
 0.8  9.1
 0.8  9.1
 0.8  9.1
 0.8  9.1
 0.8  9.1
 0.8  9.1
 0.8  9.1
 0.8  9.1
 0.8  9.1
 0.8  9.1
 0.8  9.1
 0.8  9.1
 0.8  9.1
 0.8  9.1
 0.8  9.1
 0.8  9.1
 0.8  9.1
 0.8  9.1
 0.8  9.1
 0.8  9.1
 0.8  9.1
 0.8  9.1
 0.8  9.1
 0.8  9.1
 0.8  9.1
 0.7  9.1
 0.7  9.1
 0.7  9.1
 0.7  9.1
 0.7  9.1
 0.7  9.1
 0.7  9.1
 0.7  9.1
 0.7  9.1
 0.7  9.1
 0.7  9.1
 0.7  9.1
 0.7  9.1
 0.7  9.1
 0.7  9.1
 0.7  9.1
 0.7  9.1
 0.7  9.1
 0.7  9.1
 0.7  9.1
 0.7  9.1
 0.7  9.1
 0.7  9.1
 0.7  9.1
 0.7  9.1
 0.7  9.1
 0.7  9.1
 0.7  9.1
 0.7  9.1
 0.7  9.1
 0.7  9.1
 0.7  9.1
 0.7  9.1
 0.7  9.1
 0.7  9.1
 0.7  9.1
 0.7  9.1
 0.7  9.1
 0.7  9.1
 0.7  9.1
 0.7  9.1
 0.7  9.1
 0.7  9.1
 0.7  9.1
 0.7  9.1
 0.7  9.1
 0.7  9.1
 0.7  9.1
 0.7  9.1
 0.7  9.1
 0.7  9.1
 0.7  9.1
 0.7  9.1
 0.7  9.1
 0.7  9.1
 0.7  9.1
 0.7  9.1
 0.7  9.1
 0.7  9.1
 0.7  9.1
 0.7  9.1
 0.7  9.1
 0.7  9.1
 0.7  9.1
 0.7  9.1
 0.7  9.1
 0.7  9.1
 0.7  9.1
 0.7  9.1
 0.7  9.1
 0.7  9.1
 0.7  9.1
 0.7  9.1
 0.7  9.1
 0.7  9.1
 0.7  9.1
 0.7  9.1
 0.7  9.1
 0.7  9.1
 0.7  9.1
 0.7  9.1
 0.7  9.1
 0.7  9.1
 0.7  9.1
 0.7  9.1
 0.7  9.1
 0.7  9.1
 0.7  9.1
 0.7  9.1
 0.7  9.1
 0.7  9.1
 0.7  9.1
 0.7  9.1
 0.7  9.1
 0.7  9.1
 0.7  9.1
 0.7  9.1
 0.7  9.1
 0.7  9.1
 0.7  9.1
 0.7  9.1
 0.7  9.1
 0.7  9.2
 0.7  9.2
 0.7  9.2
 0.7  9.2
 0.7  9.2
 0.7  9.2
 0.7  9.2
 0.7  9.2
 0.7  9.2
 0.7  9.2
 0.7  9.2
 0.7  9.2
 0.7  9.2
 0.7  9.2
 0.7  9.2
 0.7  9.2
 0.7  9.2
 0.7  9.2
 0.7  9.2
 0.7  9.2
 0.7  9.2
 0.7  9.2
 0.7  9.2
 0.7  9.2
 0.7  9.2
 0.7  9.2
 0.7  9.1
 0.7  9.1
 0.7  9.1
 0.7  9.1
 0.7  9.1
 0.7  9.1
 0.7  9.1
 0.7  9.1
 0.7  9.1
 0.7  9.1
 0.7  9.1
 0.7  9.1
 0.7  9.1
 0.7  9.1
 0.7  9.1
 0.7  9.1
 0.7  9.1
 0.7  9.1
 0.7  9.1
 0.7  9.1
 0.7  9.1
 0.7  9.1
 0.7  9.1
 0.7  9.1
 0.7  9.1
 0.7  9.1
 0.7  9.1
 0.7  9.1
 0.7  9.1
 0.7  9.1
 0.7  9.1
 0.7  9.1
 0.7  9.1
 0.7  9.1
 0.7  9.1
 0.7  9.1
 0.7  9.1
 0.7  9.1
 0.7  9.1
 0.7  9.1
 0.7  9.1
 0.7  9.1
 0.7  9.1
 0.7  9.1
 0.7  9.1
 0.7  9.1
 0.7  9.1
 0.7  9.1
 0.7  9.1
 0.7  9.1
 0.7  9.1
 0.7  9.1
 0.7  9.1
 0.7  9.1
 0.7  9.1
 0.7  9.1
 0.7  9.1
 0.7  9.1
 0.7  9.1
 0.7  9.1
 0.7  9.1
 0.7  9.1
 0.7  9.1
 0.7  9.1
 0.7  9.1
 0.7  9.1
 0.7  9.1
 0.7  9.1
 0.7  9.1
 0.7  9.1
 0.7  9.1
 0.7  9.1
 0.7  9.1
 0.7  9.1
 0.7  9.1
 0.7  9.1
 0.7  9.1
 0.7  9.1
 0.7  9.1
 0.7  9.1
 0.7  9.1
 0.7  9.1
 0.7  9.1
 0.7  9.1
 0.7  9.1
 0.7  9.1
 0.7  9.1
 0.7  9.1
 0.7  9.1
 0.7  9.1
 0.7  9.1
 0.7  9.1
 0.7  9.1
 0.7  9.1
 0.7  9.1
 0.7  9.1
 0.7  9.1
 0.7  9.1
 0.7  9.1
 0.7  9.1
 0.7  9.1
 0.7  9.1
 0.7  9.1
 0.7  9.1
 0.7  9.1
 0.7  9.1
 0.7  9.1
 0.7  9.1
 0.7  9.1
 0.7  9.1
 0.7  9.1
