Sat Sep 10 20:54:06 PDT 2016
78.6 14.4
75.6 14.4
72.4 14.4
69.3 14.4
66.3 14.4
64.0 14.4
63.2 14.5
65.7 14.6
67.0 14.5
68.3 14.5
67.0 14.5
65.4 14.5
64.1 14.5
62.4 14.5
60.8 14.5
59.2 14.5
57.7 14.5
56.4 14.5
55.6 14.5
56.9 14.5
58.0 14.5
59.0 14.5
59.7 14.5
58.6 14.5
57.6 14.5
56.5 14.5
55.6 14.5
54.6 14.5
53.7 14.5
52.6 14.5
51.7 14.5
52.6 14.5
53.5 14.5
54.4 14.5
54.3 14.5
53.6 14.5
52.9 14.5
52.2 14.5
51.5 14.5
50.7 14.5
50.0 14.5
49.4 14.5
48.8 14.5
48.7 14.5
49.6 14.5
50.5 14.5
51.2 14.5
51.8 14.5
51.2 14.5
50.7 14.5
50.2 14.5
49.7 14.5
49.2 14.5
48.7 14.5
48.1 14.5
47.6 14.5
48.4 14.5
49.1 14.6
49.8 14.6
49.5 14.6
49.3 14.6
48.8 14.6
48.4 14.6
48.0 14.6
47.6 14.6
47.1 14.6
46.8 14.6
46.3 14.6
46.6 14.6
47.3 14.6
47.9 14.6
48.5 14.6
48.3 14.7
48.0 14.7
47.6 14.7
47.1 14.7
46.8 14.7
46.4 14.7
46.1 14.7
45.7 14.7
45.4 14.7
46.0 14.9
46.5 14.9
47.1 15.0
47.5 15.0
47.2 15.0
46.9 15.0
46.6 15.0
46.3 15.0
46.0 15.0
45.6 15.0
45.3 15.0
45.0 15.0
44.8 15.0
45.3 15.1
45.8 15.1
46.3 15.1
46.7 15.1
46.4 15.1
46.0 15.1
45.6 15.1
45.2 15.1
44.8 15.1
44.5 15.1
44.3 15.1
44.1 15.1
44.6 15.2
45.1 15.2
45.6 15.2
45.9 15.3
45.6 15.3
45.2 15.3
44.9 15.3
44.5 15.3
44.2 15.3
44.0 15.3
43.7 15.3
43.5 15.3
44.0 15.3
44.3 15.4
44.7 15.4
45.0 15.4
44.7 15.4
44.4 15.4
44.1 15.4
43.7 15.4
43.4 15.4
43.2 15.4
43.0 15.4
42.8 15.4
42.9 15.5
43.3 15.5
43.7 15.5
44.1 15.6
43.9 15.6
43.6 15.6
43.3 15.8
43.0 15.8
42.8 15.8
42.7 15.8
42.5 15.8
42.4 15.8
42.3 15.9
42.7 15.9
43.1 16.1
43.6 16.1
43.5 16.1
43.2 16.1
42.9 16.1
42.7 16.1
42.4 16.1
42.5 16.1
42.3 16.1
42.2 16.1
42.1 16.1
42.4 16.1
42.7 16.1
43.0 16.1
42.7 16.1
42.5 16.1
42.2 16.1
42.0 16.1
41.8 16.1
42.0 16.1
41.9 16.1
41.7 16.1
41.6 16.1
41.6 16.1
42.0 16.1
42.3 16.1
42.1 16.1
41.8 16.1
41.6 16.1
41.4 16.1
41.2 16.1
41.4 16.1
41.4 16.1
41.3 16.1
41.2 16.1
41.2 16.1
41.5 16.1
41.8 16.1
41.6 16.1
41.4 16.1
41.1 16.1
40.9 16.1
40.7 16.1
40.9 16.1
41.1 16.1
41.0 16.1
40.9 16.1
40.8 16.1
41.1 16.1
41.3 16.0
41.1 16.0
40.9 16.0
40.7 16.0
40.5 16.0
40.4 16.0
40.6 16.0
40.8 16.0
40.7 16.0
40.6 16.0
40.5 16.0
40.6 16.0
40.9 16.0
40.8 16.0
40.6 16.0
40.4 16.0
40.2 16.0
40.1 16.0
40.3 16.0
40.6 16.0
40.5 16.0
40.4 16.0
40.3 16.0
40.4 16.0
40.6 16.0
40.4 16.0
40.3 16.0
40.1 16.0
39.9 16.0
39.8 16.0
40.0 16.0
40.3 16.0
40.3 16.0
40.2 16.0
40.1 16.0
40.2 16.0
40.4 16.0
40.2 16.0
40.0 16.0
39.9 16.0
39.7 16.0
39.6 16.0
39.8 16.0
40.1 16.0
40.1 16.0
40.0 16.0
39.9 16.0
39.9 16.0
40.1 16.0
39.9 16.0
39.8 16.0
39.6 16.0
39.5 16.0
39.4 16.0
39.6 16.0
39.8 16.0
39.9 16.0
39.8 16.0
39.8 16.0
39.7 16.0
39.8 16.0
39.7 16.0
39.5 16.0
39.4 16.0
39.3 16.0
39.2 16.0
39.4 16.0
39.6 16.0
39.8 16.0
39.7 16.0
39.6 16.0
39.5 16.0
39.4 16.0
39.5 16.0
39.3 16.0
39.2 16.0
39.1 16.0
39.0 16.0
39.2 16.0
39.4 16.0
39.6 16.0
39.7 16.0
39.6 16.0
39.5 16.0
39.4 16.0
39.3 16.0
39.1 16.0
39.0 16.0
38.9 16.0
38.8 16.0
39.1 16.0
39.3 16.0
39.3 16.0
39.5 16.0
39.6 16.0
39.5 16.0
39.4 16.0
39.3 16.0
39.2 16.0
39.1 16.0
38.9 16.0
39.0 16.1
39.6 16.3
39.8 16.2
40.0 16.2
40.0 16.2
40.1 16.3
40.0 16.3
39.9 16.3
39.7 16.3
39.6 16.3
39.5 16.3
39.3 16.3
39.3 16.3
39.5 16.3
39.7 16.3
39.9 16.3
39.8 16.4
39.9 16.4
39.8 16.4
39.7 16.4
39.6 16.4
39.5 16.4
39.3 16.4
39.2 16.4
39.2 16.4
39.4 16.5
39.6 16.5
39.8 16.5
39.8 16.5
39.8 16.5
39.7 16.5
39.6 16.5
39.5 16.5
39.4 16.5
39.2 16.5
39.1 16.5
39.2 16.6
39.3 16.6
39.5 16.6
39.7 16.6
39.7 16.6
39.7 16.6
39.6 16.7
39.5 16.7
39.4 16.7
39.3 16.7
39.2 16.7
39.1 16.7
39.1 16.7
39.2 16.7
39.4 16.9
39.6 16.9
39.7 16.9
39.6 16.9
39.5 16.9
39.4 16.9
39.3 16.9
39.2 16.9
39.1 16.9
39.0 16.9
39.0 16.9
39.2 17.0
39.2 17.0
39.3 17.0
39.5 17.0
39.5 17.0
39.4 17.0
39.3 17.0
39.2 17.0
39.1 17.0
39.0 17.0
38.9 17.0
38.9 17.0
39.1 17.1
39.3 17.1
39.3 17.2
39.4 17.2
39.4 17.2
39.3 17.2
39.2 17.2
39.1 17.2
39.0 17.2
38.9 17.2
38.8 17.2
38.9 17.3
39.1 17.3
39.3 17.4
39.4 17.4
39.5 17.4
39.4 17.4
39.4 17.4
39.3 17.4
39.2 17.4
39.1 17.4
39.0 17.4
38.9 17.4
39.0 17.4
39.1 17.4
39.3 17.4
39.4 17.4
39.4 17.4
39.4 17.4
39.3 17.4
39.2 17.4
39.1 17.4
39.0 17.4
38.9 17.4
38.8 17.4
38.9 17.4
39.0 17.4
39.2 17.4
39.3 17.4
39.3 17.4
39.2 17.4
39.2 17.4
39.1 17.4
39.0 17.4
38.9 17.4
38.8 17.4
38.7 17.4
38.8 17.4
39.0 17.4
39.1 17.4
39.1 17.5
39.2 17.5
39.2 17.5
39.1 17.5
39.0 17.5
38.9 17.5
38.8 17.5
38.7 17.5
38.6 17.5
38.7 17.5
38.9 17.5
39.0 17.5
39.1 17.5
39.1 17.5
39.1 17.5
39.0 17.5
38.9 17.5
38.8 17.5
38.7 17.5
38.6 17.5
38.6 17.5
38.7 17.5
38.8 17.5
39.0 17.5
39.0 17.5
39.1 17.5
39.0 17.5
38.9 17.5
38.8 17.5
38.7 17.5
38.6 17.5
38.6 17.5
38.5 17.5
38.6 17.5
38.7 17.5
38.9 17.5
38.9 17.5
39.0 17.5
38.9 17.5
38.8 17.5
38.7 17.5
38.7 17.5
38.6 17.5
38.5 17.5
38.4 17.5
38.6 17.5
38.7 17.5
38.9 17.5
38.8 17.5
38.8 17.5
38.8 17.5
38.7 17.5
38.7 17.5
38.6 17.5
38.5 17.5
38.4 17.5
38.4 17.5
38.5 17.5
38.6 17.5
38.8 17.5
38.7 17.5
38.8 17.5
38.8 17.5
38.7 17.5
38.6 17.5
38.5 17.5
38.4 17.5
38.4 17.5
38.3 17.5
38.4 17.5
38.6 17.5
38.7 17.5
38.7 17.5
38.8 17.5
38.7 17.5
38.6 17.5
38.5 17.5
38.5 17.5
38.4 17.5
38.3 17.5
38.3 17.5
38.4 17.4
38.5 17.4
38.6 17.4
38.6 17.4
38.7 17.5
38.6 17.5
38.6 17.5
38.5 17.5
38.4 17.5
38.3 17.5
38.3 17.5
38.2 17.5
38.4 17.5
38.5 17.5
38.6 17.6
38.6 17.6
38.6 17.6
38.6 17.6
38.5 17.6
38.4 17.6
38.4 17.6
38.3 17.6
38.2 17.6
38.2 17.6
38.3 17.7
38.4 17.7
38.5 17.7
38.5 17.7
38.6 17.8
38.6 17.8
38.5 17.8
38.4 17.8
38.3 17.8
38.3 17.8
38.2 17.8
38.2 17.8
38.3 17.8
38.4 17.8
38.6 17.9
38.6 17.9
38.5 17.9
38.5 17.9
38.4 17.9
38.4 17.9
38.3 17.9
38.3 17.9
38.2 17.9
38.2 17.9
38.3 17.9
38.4 18.0
38.6 18.0
38.6 18.0
38.5 18.0
38.4 18.0
38.4 18.0
38.3 18.0
38.2 18.0
38.2 18.0
38.1 18.0
38.1 18.0
38.3 18.0
38.4 18.1
38.5 18.1
38.4 18.1
38.5 18.1
38.4 18.1
38.3 18.1
38.3 18.1
38.2 18.1
38.1 18.1
38.1 18.1
38.1 18.1
38.2 18.2
38.3 18.2
38.4 18.2
38.4 18.2
38.4 18.2
38.3 18.2
38.3 18.2
38.2 18.2
38.1 18.2
38.1 18.2
38.0 18.2
38.0 18.2
38.1 18.3
38.2 18.3
38.3 18.4
38.3 18.4
38.3 18.4
38.3 18.4
38.2 18.4
38.1 18.4
38.1 18.4
38.0 18.4
37.9 18.4
38.0 18.4
38.1 18.4
38.2 18.5
38.3 18.5
38.3 18.5
38.3 18.5
38.2 18.5
38.2 18.5
38.1 18.5
38.0 18.5
38.0 18.5
37.9 18.5
38.0 18.6
38.1 18.6
38.2 18.6
38.2 18.6
38.2 18.6
38.2 18.7
38.2 18.7
38.1 18.7
38.1 18.7
38.0 18.7
37.9 18.7
37.9 18.7
37.9 18.7
38.1 18.7
38.1 18.7
38.1 18.7
38.2 18.8
38.2 18.8
38.1 18.8
38.1 18.8
38.0 18.8
38.0 18.8
37.9 18.8
37.8 18.8
37.9 18.8
38.0 18.9
38.1 18.9
38.3 19.2
38.4 19.2
38.3 19.2
38.2 19.2
38.2 19.2
38.1 19.2
38.1 19.2
38.0 19.2
37.9 19.2
38.0 19.3
38.1 19.3
38.2 19.3
38.2 19.3
38.3 19.2
38.2 19.2
38.2 19.2
38.1 19.2
38.1 19.2
38.0 19.2
38.0 19.2
37.9 19.2
38.0 19.2
38.1 19.3
38.2 19.3
38.2 19.3
38.2 19.3
38.2 19.3
38.1 19.3
38.1 19.3
38.0 19.3
38.0 19.3
37.9 19.3
37.9 19.3
37.9 19.3
38.0 19.3
38.1 19.4
38.1 19.4
38.2 19.4
38.2 19.4
38.1 19.4
38.1 19.4
38.0 19.4
38.0 19.4
37.9 19.4
37.8 19.4
37.9 19.4
38.0 19.4
38.0 19.4
38.1 19.4
38.2 19.5
38.2 19.5
38.1 19.5
38.1 19.5
38.0 19.5
37.9 19.5
37.9 19.5
37.8 19.5
37.9 19.5
38.0 19.5
38.1 19.5
38.2 19.5
38.2 19.5
38.1 19.5
38.1 19.5
38.0 19.5
38.0 19.5
37.9 19.5
37.9 19.5
37.8 19.5
37.9 19.6
38.0 19.6
38.1 19.6
38.1 19.6
38.2 19.6
38.1 19.6
38.1 19.6
38.0 19.6
38.0 19.6
37.9 19.6
37.9 19.6
37.8 19.6
37.9 19.7
38.0 19.7
38.0 19.9
38.1 19.9
38.1 19.9
38.1 19.9
38.0 19.9
38.0 19.9
37.9 19.9
37.9 19.9
37.8 19.9
37.8 19.9
37.9 19.9
38.0 20.0
38.1 20.0
38.2 20.1
38.1 20.1
38.1 20.1
38.0 20.1
38.0 20.1
37.9 20.1
37.9 20.1
37.8 20.1
37.8 20.1
37.9 20.1
38.0 20.1
38.1 20.2
38.1 20.2
38.1 20.2
38.1 20.2
38.0 20.2
38.0 20.2
37.9 20.2
37.9 20.2
37.8 20.2
37.8 20.2
37.9 20.2
38.0 20.3
38.0 20.3
38.0 20.3
38.1 20.3
38.1 20.3
38.0 20.3
38.0 20.3
37.9 20.3
37.9 20.3
37.8 20.3
37.8 20.3
37.9 20.4
38.0 20.4
38.0 20.4
38.0 20.4
38.0 20.4
38.0 20.4
37.9 20.4
37.9 20.4
37.9 20.4
37.8 20.4
37.8 20.4
37.7 20.4
37.8 20.5
37.9 20.5
38.0 20.6
38.1 20.6
38.0 20.6
38.0 20.6
37.9 20.6
37.9 20.6
37.8 20.6
37.8 20.6
37.7 20.6
37.7 20.6
37.8 20.6
37.9 20.6
38.0 20.6
38.0 20.6
38.0 20.7
37.9 20.7
37.9 20.7
37.8 20.7
37.8 20.7
37.7 20.7
37.7 20.7
37.7 20.7
37.8 20.7
37.8 20.8
37.9 20.8
37.9 20.8
38.0 20.8
37.9 20.8
37.9 20.8
37.8 20.8
37.8 20.8
37.7 20.8
37.7 20.8
37.7 20.8
37.8 20.9
37.9 20.9
37.9 20.9
38.0 20.9
37.9 20.9
37.9 20.9
37.9 20.9
37.8 20.9
37.8 20.9
37.7 20.9
37.7 20.9
37.7 20.9
37.8 21.0
37.8 21.0
37.9 21.0
37.9 21.0
37.9 21.0
37.9 21.0
37.8 21.0
37.8 21.0
37.7 21.0
37.7 21.0
37.7 21.0
37.7 21.1
37.8 21.1
37.8 21.1
37.8 21.1
37.9 21.2
37.9 21.2
37.8 21.2
37.8 21.2
37.8 21.2
37.7 21.2
37.7 21.2
37.6 21.2
37.7 21.2
37.7 21.3
37.8 21.3
37.9 21.3
37.9 21.3
37.9 21.3
37.8 21.3
37.8 21.3
37.7 21.3
37.7 21.3
37.7 21.3
37.6 21.3
37.7 21.3
37.7 21.4
37.8 21.4
37.9 21.5
37.9 21.5
37.9 21.5
37.8 21.5
37.8 21.5
37.7 21.5
37.7 21.5
37.6 21.5
37.6 21.5
37.6 21.5
37.7 21.5
37.8 21.6
37.8 21.6
37.8 21.6
37.8 21.6
37.8 21.6
37.8 21.6
37.7 21.6
37.7 21.6
37.6 21.6
37.6 21.6
37.6 21.6
37.7 21.6
37.8 21.7
37.8 21.7
37.8 21.7
37.8 21.8
37.8 21.8
37.8 21.8
37.7 21.8
37.7 21.8
37.6 21.8
37.6 21.8
37.6 21.8
37.7 21.8
37.8 21.8
37.8 21.8
37.8 21.9
37.8 21.9
37.8 21.9
37.8 21.9
37.7 21.9
37.7 21.9
37.6 21.9
37.6 21.9
37.6 21.9
37.7 21.9
37.8 21.9
37.8 22.0
37.9 22.0
37.8 22.0
37.8 22.0
37.7 22.0
37.7 22.0
37.7 22.0
37.6 22.0
37.6 22.0
37.6 22.1
37.7 22.1
37.8 22.2
37.9 22.2
37.9 22.2
37.9 22.2
37.8 22.2
37.8 22.2
37.8 22.2
37.7 22.2
37.7 22.2
37.6 22.2
37.7 22.2
37.8 22.2
37.8 22.2
37.9 22.2
37.9 22.2
37.9 22.2
37.8 22.2
37.8 22.2
37.7 22.2
37.7 22.2
37.7 22.2
37.6 22.2
37.7 22.2
37.8 22.2
37.8 22.2
37.8 22.2
37.8 22.2
37.8 22.2
37.8 22.2
37.7 22.2
37.7 22.2
37.7 22.2
37.6 22.2
37.6 22.2
37.6 22.2
37.7 22.2
37.8 22.2
37.8 22.1
37.8 22.1
37.8 22.1
37.7 22.1
37.7 22.1
37.7 22.1
37.6 22.1
37.6 22.1
37.6 22.1
37.6 22.1
37.7 22.1
37.8 22.1
37.8 22.1
37.8 22.1
37.8 22.1
37.7 22.1
37.7 22.1
37.6 22.1
37.6 22.1
37.6 22.1
37.5 22.1
37.6 22.1
37.7 22.1
37.7 22.1
37.7 22.1
37.7 22.1
37.7 22.1
37.7 22.1
37.6 22.1
37.6 22.1
37.6 22.1
37.5 22.1
37.5 22.1
37.6 22.1
37.6 22.1
37.7 22.1
37.7 22.1
37.7 22.1
37.7 22.1
37.6 22.1
37.6 22.1
37.6 22.1
37.5 22.1
37.5 22.1
37.5 22.2
37.6 22.9
37.7 23.7
37.7 24.4
37.8 25.0
37.9 25.7
38.0 26.3
38.0 27.0
38.1 27.7
38.1 28.3
38.2 32.7
38.2 33.4
38.3 33.7
38.4 33.7
38.4 33.7
38.5 33.7
38.6 33.7
38.6 33.7
38.6 33.7
38.6 33.7
38.5 33.7
38.5 33.7
38.5 33.7
38.5 33.7
38.5 34.8
38.6 34.7
38.7 34.7
38.7 34.6
38.8 34.6
38.8 34.6
38.8 33.4
38.8 33.4
38.8 33.4
38.8 33.4
38.7 33.4
38.7 33.4
38.7 33.3
38.8 33.2
38.9 33.1
38.9 33.1
39.0 33.1
39.0 33.1
39.0 33.0
39.0 33.0
39.0 33.0
39.0 33.0
39.0 33.0
38.9 33.0
38.9 33.0
39.0 32.9
39.1 32.8
39.1 32.8
39.2 32.7
39.2 32.7
39.2 32.7
39.2 32.7
39.2 32.7
39.2 32.7
39.1 32.7
39.1 32.6
39.1 32.6
39.2 32.5
39.2 32.4
39.3 32.4
39.3 32.4
39.4 32.3
39.4 32.3
39.4 32.3
39.3 32.3
39.3 32.3
39.3 32.3
39.3 32.3
39.3 32.3
39.3 32.2
39.4 32.2
39.4 32.2
39.4 32.2
39.4 32.2
39.4 32.2
39.4 32.2
39.4 32.2
39.4 32.2
39.3 32.2
39.3 32.2
39.3 32.2
39.3 32.2
39.3 32.2
39.4 32.3
39.4 32.3
39.5 32.3
39.4 32.3
39.4 32.3
39.4 32.3
39.4 32.3
39.4 32.3
39.3 32.3
39.3 32.3
39.3 32.3
39.4 32.4
39.4 32.4
39.5 32.4
39.5 32.4
39.5 32.4
39.5 32.4
39.4 32.4
39.4 32.4
39.4 32.4
39.4 32.4
39.4 32.4
39.4 32.4
39.4 32.5
39.5 32.5
39.5 32.5
39.5 32.5
39.5 32.5
39.5 32.6
39.5 32.6
39.5 32.6
39.5 32.6
39.4 32.6
39.4 32.6
39.4 32.6
39.4 32.6
39.5 32.6
39.5 32.7
39.6 32.7
39.5 32.7
39.5 32.7
39.5 32.7
39.5 32.7
39.5 32.7
39.4 32.7
39.4 32.7
39.4 32.7
39.4 32.7
39.4 32.7
39.5 32.8
39.5 32.8
39.6 32.8
39.6 32.8
39.6 32.8
39.5 32.9
39.5 32.9
39.5 32.9
39.5 32.9
39.5 32.9
39.4 32.9
39.5 32.9
39.5 32.9
39.6 33.0
39.6 33.0
39.6 33.0
39.6 33.0
39.6 33.0
39.5 33.0
39.5 33.0
39.5 33.0
39.5 33.0
39.4 33.0
39.4 33.0
39.5 33.1
39.5 33.1
39.6 33.1
39.6 33.1
39.6 33.1
39.6 33.2
39.6 33.2
39.5 33.2
39.5 33.2
39.5 33.2
39.5 33.2
39.5 33.2
39.5 33.2
39.5 33.2
39.6 33.3
39.6 33.3
39.6 33.3
39.6 33.3
39.6 33.3
39.6 33.3
39.5 33.3
39.5 33.3
39.5 33.3
39.5 33.3
39.4 33.3
39.5 33.3
39.5 33.3
39.5 33.3
39.6 33.4
39.6 33.4
39.6 33.4
39.6 33.4
39.5 33.4
39.5 33.4
39.5 33.4
39.5 33.4
39.5 33.4
39.5 33.4
39.5 33.4
39.6 33.4
39.6 33.5
39.6 33.5
39.6 33.6
39.6 33.6
39.6 33.6
39.6 33.6
39.5 33.6
39.5 33.6
39.5 33.6
39.5 33.6
39.5 33.6
39.6 33.6
39.6 33.6
39.6 33.6
39.7 33.7
39.7 33.7
39.6 33.7
39.6 33.7
39.6 33.7
39.6 33.7
39.6 33.7
39.5 33.7
39.5 33.7
39.6 33.8
39.6 33.8
39.7 33.8
39.7 33.8
39.7 33.8
39.7 33.8
39.6 33.8
39.6 33.8
39.6 33.9
39.6 33.9
39.6 33.9
39.6 33.9
39.6 33.9
39.6 33.9
39.7 33.9
39.7 34.0
39.7 34.0
39.7 34.0
39.7 34.0
39.7 34.1
39.7 34.1
39.7 34.1
39.6 34.1
39.6 34.1
39.6 34.1
39.7 34.1
39.7 34.1
39.7 34.2
39.8 34.2
39.7 34.2
39.7 34.2
39.7 34.2
39.7 34.2
39.7 34.2
39.7 34.2
39.7 34.2
39.7 34.2
39.7 34.2
39.8 34.2
39.8 34.2
39.9 34.2
39.8 34.2
39.8 34.2
39.8 34.2
39.8 34.2
39.8 34.2
39.8 34.2
39.7 34.2
39.7 34.2
39.8 34.2
39.8 34.2
39.8 34.2
39.9 34.2
39.9 34.2
39.8 34.1
39.8 34.1
39.8 34.1
39.8 34.1
39.8 34.1
39.7 34.1
39.7 34.1
39.7 34.1
39.8 34.1
39.8 34.1
39.9 34.1
39.9 34.1
39.9 34.1
39.9 34.1
39.8 34.1
39.8 34.1
39.8 34.1
39.8 34.1
39.8 34.1
39.8 34.1
39.8 34.1
39.9 34.1
39.9 34.1
39.9 34.1
39.9 34.1
39.9 34.1
39.9 34.1
39.8 34.1
39.8 34.1
39.8 34.1
39.8 34.1
39.8 34.1
39.8 34.1
39.8 34.1
39.9 34.1
39.9 34.3
40.0 34.6
40.0 34.8
40.0 34.8
39.9 34.9
39.9 34.9
39.9 35.0
39.9 35.1
39.9 35.1
39.9 35.3
39.9 35.6
40.0 36.3
40.0 36.7
%CPU %MEM
%CPU %MEM
%CPU %MEM
%CPU %MEM
%CPU %MEM
%CPU %MEM
%CPU %MEM
%CPU %MEM
%CPU %MEM
%CPU %MEM
%CPU %MEM
%CPU %MEM
%CPU %MEM
%CPU %MEM
%CPU %MEM
%CPU %MEM
%CPU %MEM
%CPU %MEM
%CPU %MEM
%CPU %MEM
%CPU %MEM
%CPU %MEM
%CPU %MEM
%CPU %MEM
%CPU %MEM
%CPU %MEM
 0.0  0.0
%CPU %MEM
%CPU %MEM
%CPU %MEM
%CPU %MEM
%CPU %MEM
%CPU %MEM
%CPU %MEM
%CPU %MEM
%CPU %MEM
%CPU %MEM
%CPU %MEM
%CPU %MEM
%CPU %MEM
%CPU %MEM
%CPU %MEM
%CPU %MEM
%CPU %MEM
%CPU %MEM
%CPU %MEM
%CPU %MEM
%CPU %MEM
%CPU %MEM
%CPU %MEM
%CPU %MEM
%CPU %MEM
%CPU %MEM
%CPU %MEM
%CPU %MEM
%CPU %MEM
%CPU %MEM
%CPU %MEM
%CPU %MEM
%CPU %MEM
%CPU %MEM
%CPU %MEM
%CPU %MEM
%CPU %MEM
%CPU %MEM
%CPU %MEM
%CPU %MEM
%CPU %MEM
%CPU %MEM
%CPU %MEM
%CPU %MEM
%CPU %MEM
%CPU %MEM
%CPU %MEM
%CPU %MEM
%CPU %MEM
%CPU %MEM
%CPU %MEM
%CPU %MEM
%CPU %MEM
%CPU %MEM
%CPU %MEM
%CPU %MEM
%CPU %MEM
%CPU %MEM
%CPU %MEM
%CPU %MEM
%CPU %MEM
%CPU %MEM
%CPU %MEM
%CPU %MEM
%CPU %MEM
%CPU %MEM
%CPU %MEM
%CPU %MEM
%CPU %MEM
%CPU %MEM
%CPU %MEM
%CPU %MEM
%CPU %MEM
%CPU %MEM
%CPU %MEM
%CPU %MEM
%CPU %MEM
%CPU %MEM
%CPU %MEM
%CPU %MEM
%CPU %MEM
%CPU %MEM
%CPU %MEM
%CPU %MEM
%CPU %MEM
%CPU %MEM
%CPU %MEM
%CPU %MEM
%CPU %MEM
%CPU %MEM
%CPU %MEM
%CPU %MEM
%CPU %MEM
%CPU %MEM
%CPU %MEM
%CPU %MEM
%CPU %MEM
%CPU %MEM
%CPU %MEM
%CPU %MEM
%CPU %MEM
%CPU %MEM
%CPU %MEM
%CPU %MEM
%CPU %MEM
%CPU %MEM
%CPU %MEM
%CPU %MEM
%CPU %MEM
%CPU %MEM
%CPU %MEM
%CPU %MEM
%CPU %MEM
%CPU %MEM
%CPU %MEM
%CPU %MEM
%CPU %MEM
%CPU %MEM
%CPU %MEM
%CPU %MEM
%CPU %MEM
%CPU %MEM
%CPU %MEM
%CPU %MEM
