1426014057004 46
1426014117166 34
1426014177308 33
1426014237452 41
1426014297599 37
1426014357743 38
1426014417891 32
1426014478096 34
1426014538240 72
1426014598417 32
1426014658550 33
1426014718692 48
1426014778847 34
1426014838993 31
1426014899133 55
1426014959300 31
1426015019436 30
1426015079575 40
1426015139730 33
1426015199876 37
1426015260028 36
1426015320185 37
1426015380321 34
1426015440465 33
1426015500616 35
1426015560755 37
1426015620900 42
1426015681048 33
1426015741181 31
1426015801328 39
1426015861478 35
1426015921617 43
1426015981767 47
1426016041929 38
1426016102076 39
1426016162220 47
1426016222388 46
1426016282550 37
1426016342700 37
1426016402854 36
1426016462996 33
1426016523135 33
1426016583282 36
1426016643426 34
1426016703563 44
1426016763718 36
1426016823858 35
1426016883996 42
1426016944169 33
1426017004307 32
1426017064440 35
1426017124585 42
1426017184742 48
1426017244892 43
1426017305046 34
1426017365184 33
1426017425317 35
1426017485457 32
1426017545593 40
1426017605746 38
1426017665894 38
1426017726047 33
1426017786190 34
1426017846347 40
1426017906497 33
1426017966633 58
1426018026798 36
1426018086947 35
1426018147093 35
1426018207231 37
1426018267388 33
1426018327530 42
1426018387677 32
1426018447809 43
1426018507959 36
1426018568104 31
1426018628244 34
1426018688384 36
1426018748526 48
1426018808677 36
1426018868824 33
1426018928965 35
1426018989105 41
1426019049267 33
1426019109401 33
1426019169537 33
1426019229678 33
1426019289817 35
1426019349953 38
1426019410113 48
1426019470265 39
1426019530406 37
1426019590550 45
1426019650702 33
1426019710859 33
1426019770998 44
1426019831149 42
1426019891289 59
1426019951457 34
1426020011602 32
1426020071739 44
1426020131890 46
1426020192043 41
1426020252191 41
1426020312347 38
1426020372496 33
1426020432637 37
1426020492790 36
1426020552930 46
1426020613084 42
1426020673226 37
1426020733371 32
1426020793513 33
1426020853665 36
1426020913800 34
1426020973940 45
1426021034090 39
1426021094234 40
1426021154379 42
1426021214545 33
1426021274686 37
1426021334831 32
1426021394972 40
1426021455117 37
1426021515263 47
1426021575572 46
1426021635981 47
1426021696264 33
1426021756571 46
1426021816739 43
1426021876890 37
1426021937052 36
1426021997209 39
1426022057369 40
1426022117534 30
1426022177689 34
1426022237830 32
1426022297969 34
1426022358111 38
1426022418284 34
1426022478426 35
1426022538571 31
1426022598708 49
1426022658896 36
1426022719036 32
1426022779186 35
1426022839351 36
1426022899495 38
1426022959649 61
1426023019829 40
1426023079998 37
1426023140144 33
1426023200285 31
1426023260418 29
1426023320565 30
1426023380700 36
1426023440852 36
1426023500993 41
1426023561159 36
1426023621302 31
1426023681442 39
1426023741600 41
1426023801746 38
1426023861912 38
1426023922076 35
1426023982215 35
1426024042362 36
1426024102500 29
1426024162630 62
1426024222837 34
1426024282981 36
1426024343132 31
1426024403268 31
1426024463407 35
1426024523549 32
1426024583697 31
1426024643855 37
1426024704004 32
1426024764142 36
1426024824290 41
1426024884439 34
1426024944583 31
1426025004740 44
1426025064884 34
1426025125024 45
1426025185184 38
1426025245341 33
1426025305502 49
1426025365659 34
1426025425799 45
1426025485952 38
1426025546117 34
1426025606257 35
1426025666394 34
1426025726551 37
1426025786700 29
1426025846841 43
1426025906988 38
1426025967141 36
1426026027289 38
1426026087463 34
1426026147597 34
1426026207736 33
1426026267870 45
1426026328049 39
1426026388194 51
1426026448349 36
1426026508494 41
1426026568647 47
1426026628817 32
1426026688964 38
1426026749114 37
1426026809290 33
1426026869421 43
1426026929566 31
1426026989719 34
1426027049892 31
1426027110023 36
1426027170168 30
1426027230302 39
1426027290445 33
1426027350592 35
1426027410739 34
1426027470876 35
1426027531038 197
1426027591353 37
1426027651526 35
1426027711671 40
1426027771824 36
1426027831973 43
1426027892116 44
1426027952277 28
1426028012411 32
1426028072547 38
1426028132711 37
1426028192853 48
1426028253021 38
1426028313160 33
1426028373314 29
1426028433454 35
1426028493593 33
1426028553728 46
1426028613880 41
1426028674048 44
1426028734216 32
1426028794359 42
1426028854507 36
1426028914666 31
1426028974810 34
1426029034949 35
1426029095089 36
1426029155231 38
1426029215370 29
1426029275512 53
1426029335672 38
1426029395840 29
1426029455980 30
1426029516132 32
1426029576267 31
1426029636401 34
1426029696541 50
1426029756754 28
1426029816890 57
1426029877072 39
1426029937225 39
1426029997369 32
1426030057513 140
1426030117766 38
1426030177925 35
1426030238068 37
1426030298211 30
1426030358346 34
1426030418482 42
1426030478643 32
1426030538778 41
1426030598926 37
1426030659070 32
1426030719207 36
1426030779350 39
1426030839493 37
1426030899646 37
1426030959794 37
1426031019960 39
1426031080112 34
1426031140254 40
1426031200419 32
1426031260558 33
1426031320700 31
1426031380850 35
1426031440989 35
1426031501148 51
1426031561309 36
1426031621456 39
1426031681598 35
1426031741733 30
1426031801873 33
1426031862011 46
1426031922169 29
1426031982299 35
1426032042445 30
1426032102579 43
1426032162732 34
1426032222874 43
1426032283016 31
1426032343159 33
1426032403310 37
1426032463455 28
1426032523609 37
1426032583769 34
1426032643914 36
1426032704057 32
1426032764208 37
1426032824345 35
1426032884485 43
1426032944631 37
1426033004831 38
1426033064974 31
1426033125115 31
1426033185251 43
1426033245404 47
1426033305571 39
1426033365716 35
1426033425860 30
1426033485992 42
1426033546151 31
1426033606301 41
1426033666449 34
1426033726614 40
1426033786777 31
1426033846928 39
1426033907074 40
1426033967215 32
1426034027360 33
1426034087500 34
1426034147639 35
1426034207780 31
1426034267922 43
1426034328069 35
1426034388240 50
1426034448395 35
1426034508552 34
1426034568691 31
1426034628835 31
1426034688980 36
1426034749140 42
1426034809293 37
1426034869442 38
1426034929585 34
1426034989735 49
1426035049908 42
1426035110067 31
1426035170234 33
1426035230368 41
1426035290523 31
1426035350668 211
1426035410991 35
1426035471521 37
1426035531684 54
1426035591884 40
1426035652038 39
1426035712190 38
1426035772341 32
1426035832483 47
1426035892634 36
1426035952785 38
1426036012935 31
1426036073073 43
1426036133227 41
1426036193382 49
1426036253536 65
1426036313712 35
1426036373854 41
1426036434003 35
1426036494138 40
1426036554301 40
1426036614445 32
1426036674580 32
1426036734753 35
1426036794888 40
1426036855047 33
1426036915185 40
1426036975341 54
1426037035499 34
1426037095641 34
1426037155781 44
1426037215931 31
1426037276069 31
1426037336215 37
1426037396359 48
1426037456513 57
1426037516697 33
1426037576833 32
1426037636967 42
1426037697126 37
1426037757275 37
1426037817419 32
1426037877557 41
1426037937735 32
1426037997870 33
1426038058015 34
1426038118157 35
1426038178296 38
1426038238443 32
1426038298586 33
1426038358736 32
1426038418869 35
1426038479008 34
1426038539147 32
1426038599284 46
1426038659443 32
1426038719585 43
1426038779734 50
1426038839890 35
1426038900031 34
1426038960181 44
1426039020321 34
1426039080459 39
1426039140615 51
1426039200778 42
1426039260930 31
1426039321070 49
1426039381227 31
1426039441369 43
1426039501526 31
1426039561664 43
1426039621824 39
1426039681988 44
1426039742164 41
1426039802340 33
1426039862483 36
1426039922634 30
1426039982773 31
1426040042912 70
1426040103104 32
1426040163243 34
1426040223380 43
1426040283535 40
1426040343684 39
1426040403833 31
1426040463971 42
1426040524122 31
1426040584258 39
1426040644404 38
1426040704545 39
1426040764690 34
1426040824827 41
1426040884980 35
1426040945125 32
1426041005263 36
1426041065409 41
1426041125554 37
1426041185701 34
1426041245851 37
1426041305996 36
1426041366138 37
1426041426283 36
1426041486425 35
1426041546563 31
1426041606708 35
1426041666853 41
1426041727011 38
1426041787172 34
1426041847319 42
1426041907467 34
1426041967618 54
1426042027791 34
1426042087931 32
1426042148080 32
1426042208222 38
1426042268362 39
1426042328516 34
1426042388658 31
1426042448797 35
1426042508942 53
1426042569119 44
1426042629269 31
1426042689405 42
1426042749562 32
1426042809700 44
1426042869851 37
1426042929991 30
1426042990127 56
1426043050292 31
1426043110429 35
1426043170568 32
1426043230707 40
1426043290857 34
1426043350997 36
1426043411140 31
1426043471273 59
1426043531435 33
1426043591587 47
1426043651737 51
1426043711893 35
1426043772037 44
1426043832201 31
1426043892335 37
1426043952501 31
1426044012646 63
1426044072822 43
1426044132976 38
1426044193130 39
1426044253280 32
1426044313416 38
1426044373562 34
1426044433698 75
1426044493892 36
1426044554048 35
1426044614195 34
1426044674334 30
1426044734472 33
1426044794609 31
1426044854751 39
1426044914897 33
1426044975033 43
1426045035196 33
1426045095338 41
1426045155490 38
1426045215649 37
1426045275790 40
1426045335937 35
1426045396078 46
1426045456235 39
1426045516374 41
1426045576529 37
1426045636680 34
1426045696813 59
1426045757002 33
1426045817145 41
1426045877348 31
1426045937487 43
1426045997635 36
1426046057776 36
1426046117913 31
1426046178054 41
1426046238205 49
1426046298366 45
1426046358519 30
1426046418654 32
1426046478791 40
1426046538937 36
1426046599078 34
1426046659224 37
1426046719383 31
1426046779558 32
1426046839698 37
1426046899855 38
1426046959998 39
1426047020141 31
1426047080276 34
1426047140419 38
1426047200573 31
1426047260704 49
1426047320871 36
1426047381010 702
1426047441884 32
1426047502072 64
1426047562250 56
1426047622412 35
1426047682550 38
1426047742698 33
1426047802832 35
1426047862968 37
1426047923110 29
1426047983244 32
1426048043384 40
1426048103526 35
1426048163678 43
1426048223826 43
1426048283971 34
1426048344104 34
1426048404248 34
1426048464413 35
1426048524552 33
1426048584696 89
1426048644899 42
1426048705048 41
1426048765190 40
1426048825359 31
1426048885496 33
1426048945631 66
1426049005799 31
1426049065937 34
1426049126094 32
1426049186235 33
1426049246377 41
1426049306535 33
1426049366669 53
1426049426833 31
1426049486968 67
1426049547143 36
1426049607320 33
1426049667496 38
1426049727646 42
1426049787805 36
1426049847942 40
1426049908084 43
1426049968226 38
1426050028381 40
1426050088527 36
1426050148670 32
1426050208817 34
1426050268956 35
1426050329091 40
1426050389232 30
1426050449368 46
1426050509514 42
1426050569673 43
1426050629829 30
1426050689970 35
1426050750107 38
1426050810252 53
1426050870412 37
1426050930556 40
1426050990709 36
1426051050853 47
1426051111016 34
1426051171186 34
1426051231340 33
1426051291490 33
1426051351642 46
1426051411793 31
1426051471978 32
1426051532111 37
1426051592249 31
1426051652386 36
1426051712528 34
1426051772661 38
1426051832805 39
1426051892948 30
1426051953082 35
1426052013234 38
1426052073381 54
1426052133547 44
1426052193704 40
1426052253854 34
1426052313988 38
1426052374130 47
1426052434295 39
1426052494442 34
1426052554597 35
1426052614737 52
1426052674898 34
1426052735051 36
1426052795193 32
1426052855333 70
1426052915508 52
1426052975672 29
1426053035809 33
1426053095951 32
1426053156090 31
1426053216234 35
1426053276387 35
1426053336525 33
1426053396684 33
1426053456852 40
1426053516995 31
1426053577141 34
1426053637283 38
1426053697425 38
1426053757565 33
1426053817712 38
1426053877868 45
1426053938032 35
1426053998177 33
1426054058317 31
1426054118452 48
1426054178615 36
1426054238755 40
1426054298909 51
1426054359066 51
1426054419218 39
1426054479367 39
1426054539516 36
1426054599658 60
1426054659832 57
1426054720001 44
1426054780149 29
1426054840276 44
1426054900424 35
1426054960563 41
1426055020706 36
1426055080843 38
1426055140991 36
1426055201128 47
1426055261287 47
1426055321456 34
1426055381597 38
1426055441743 38
1426055501886 31
1426055562032 52
1426055622210 34
1426055682350 38
1426055742495 38
1426055802681 41
1426055862829 45
1426055922980 38
1426055983128 37
1426056043279 38
1426056103415 30
1426056163552 32
1426056223697 34
1426056283834 38
1426056343982 61
1426056404171 42
1426056464315 37
1426056524457 37
1426056584602 49
1426056644754 41
1426056704921 42
1426056765086 34
1426056825224 33
1426056885364 44
1426056945519 40
1426057005669 35
1426057065814 34
1426057125953 33
1426057186117 34
1426057246288 32
1426057306426 30
1426057366558 58
1426057426730 36
1426057486871 33
1426057547017 43
1426057607165 37
1426057667314 32
1426057727443 34
1426057787589 36
1426057847732 35
1426057907868 39
1426057968011 51
1426058028171 33
1426058088311 40
1426058148461 32
1426058208608 44
1426058268747 43
1426058328903 38
1426058389046 38
1426058449203 35
1426058509356 35
1426058569515 34
1426058629648 38
1426058689799 35
1426058749946 37
1426058810089 33
1426058870232 51
1426058930391 37
1426058990529 36
1426059050681 31
1426059110820 33
1426059170969 47
1426059231158 43
1426059291323 36
1426059351460 38
1426059411614 41
1426059471776 39
1426059531923 35
1426059592081 37
1426059652227 34
1426059712366 38
1426059772510 34
1426059832665 32
1426059892800 49
1426059952971 35
1426060013112 35
1426060073251 35
1426060133395 37
1426060193541 40
1426060253677 37
1426060313825 37
1426060373970 37
1426060434115 40
1426060494262 37
1426060554402 34
1426060614545 39
1426060674704 40
1426060734855 36
1426060794998 40
1426060855153 38
1426060915301 39
1426060975438 44
1426061035594 39
1426061095747 34
1426061155879 35
1426061216025 33
1426061276163 36
1426061336305 40
1426061396458 40
1426061456610 37
1426061516746 39
1426061576891 38
1426061637041 33
1426061697182 31
1426061757314 31
1426061817449 33
1426061877581 32
1426061937723 50
1426061997883 36
1426062058026 31
1426062118165 38
1426062178307 34
1426062238462 32
1426062298603 34
1426062358744 41
1426062418881 34
1426062479025 41
1426062539175 33
1426062599310 34
1426062659448 32
1426062719587 32
1426062779727 40
1426062839876 30
1426062900012 33
1426062960151 33
1426063020288 35
1426063080442 39
1426063140590 33
1426063200735 52
1426063260906 37
1426063321046 35
1426063381220 46
1426063441394 38
1426063501553 35
1426063561698 46
1426063621872 59
1426063682037 37
1426063742199 48
1426063802363 49
1426063862521 46
1426063922679 35
1426063982823 40
1426064042964 40
1426064103114 33
1426064163251 33
1426064223385 46
1426064283538 37
1426064343677 30
1426064403807 36
1426064463956 44
1426064524114 35
1426064584292 43
1426064644443 38
1426064704586 32
1426064764714 42
1426064824871 33
1426064885016 30
1426064945158 37
1426065005339 46
1426065065494 37
1426065125633 39
1426065185778 41
1426065245919 44
1426065306063 56
1426065366223 41
1426065426369 28
1426065486504 44
1426065546657 33
1426065606794 39
1426065666934 35
1426065727104 65
1426065787288 33
1426065847421 38
1426065907571 39
1426065967755 34
1426066027903 42
1426066088055 43
1426066148204 32
1426066208333 42
1426066268477 33
1426066328617 62
1426066388804 33
1426066448958 30
1426066509093 30
1426066569223 31
1426066629358 38
1426066689501 30
1426066749638 46
1426066809807 57
1426066869970 41
1426066930118 34
1426066990259 38
1426067050406 33
1426067110555 32
1426067170695 42
1426067230855 32
1426067291002 34
1426067351142 33
1426067411289 34
1426067471426 41
1426067531572 49
1426067591742 41
1426067651888 35
1426067712041 43
1426067772203 45
1426067832353 34
1426067892493 47
1426067952648 44
1426068012809 44
1426068072962 33
1426068133100 35
1426068193240 34
1426068253387 35
1426068313530 30
1426068373664 34
1426068433806 36
1426068493948 33
1426068554088 46
1426068614263 33
1426068674400 31
1426068734535 39
1426068794681 38
1426068854834 29
1426068914972 38
1426068975114 37
1426069035259 37
1426069095417 38
1426069155563 38
1426069215706 32
1426069275839 33
1426069335982 36
1426069396127 39
1426069456308 37
1426069516451 53
1426069576612 32
1426069636758 39
1426069696905 41
1426069757062 34
1426069817209 34
1426069877370 45
1426069937523 36
1426069997664 40
1426070057830 40
1426070117977 31
1426070178111 43
1426070238287 45
1426070298436 32
1426070358582 37
1426070418722 46
1426070478877 29
1426070539009 33
1426070599148 33
1426070659294 30
1426070719426 49
1426070779579 34
1426070839718 31
1426070899845 41
1426070960006 41
1426071020156 31
1426071080286 38
1426071140430 38
1426071200580 30
1426071260732 34
1426071320869 38
1426071381026 29
1426071441188 34
1426071501324 39
1426071561469 48
1426071621638 38
1426071681787 34
1426071741930 35
1426071802083 38
1426071862235 38
1426071922394 33
1426071982532 35
1426072042673 36
1426072102818 34
1426072162955 32
1426072223093 39
1426072283246 49
1426072343396 31
1426072403550 33
1426072463689 29
1426072523823 38
1426072583968 47
1426072644127 44
1426072704276 35
1426072764419 38
1426072824560 36
1426072884699 34
1426072944840 34
1426073004984 41
1426073065127 37
1426073125270 33
1426073185411 45
1426073245562 38
1426073305719 33
1426073365866 35
1426073426002 33
1426073486140 40
1426073546293 51
1426073606452 33
1426073666606 35
1426073726761 32
1426073786897 33
1426073847035 35
1426073907184 29
1426073967319 63
1426074027506 36
1426074087657 43
1426074147800 41
1426074207952 62
1426074268127 44
1426074328274 36
1426074388420 32
1426074448572 40
1426074508718 37
1426074568862 33
1426074629001 43
1426074689190 38
1426074749335 41
1426074809489 33
1426074869626 40
1426074929799 43
1426074989951 38
1426075050095 61
1426075110262 33
1426075170397 33
1426075230532 33
1426075290669 41
1426075350818 33
1426075410993 39
1426075471144 35
1426075531287 35
1426075591429 34
1426075651567 33
1426075711707 48
1426075771860 34
1426075832001 34
1426075892140 47
1426075952294 36
1426076012439 44
1426076072631 47
1426076132790 34
1426076192924 36
1426076253076 32
1426076313211 34
1426076373349 36
1426076433493 35
1426076493630 37
1426076553773 38
1426076613909 34
1426076674043 35
1426076734189 35
1426076794334 43
1426076854476 43
1426076914631 47
1426076974794 31
1426077034933 31
1426077095076 33
1426077155216 32
1426077215352 43
1426077275506 38
1426077335661 41
1426077395807 31
1426077455940 35
1426077516077 35
1426077576214 36
1426077636354 38
1426077696500 48
1426077756659 62
1426077816827 35
1426077876966 53
1426077937118 51
1426077997336 32
1426078057478 34
1426078117617 44
1426078177764 45
1426078237916 47
1426078298082 42
1426078358229 34
1426078418365 39
1426078478507 33
1426078538649 53
1426078598810 47
1426078658968 34
1426078719113 36
1426078779271 38
1426078839413 31
1426078899566 35
1426078959714 43
1426079019860 31
1426079080003 35
1426079140149 36
1426079200292 35
1426079260438 69
1426079320621 34
1426079380766 34
1426079440923 32
1426079501064 34
1426079561202 34
1426079621341 32
1426079681474 34
1426079741615 33
1426079801757 37
1426079861901 37
1426079922040 33
1426079982177 34
1426080042314 40
1426080102467 39
1426080162617 39
1426080222762 35
1426080282899 39
1426080343049 33
1426080403194 33
1426080463333 35
1426080523476 39
1426080583617 31
1426080643746 43
1426080703899 33
1426080764036 32
1426080824176 58
1426080884348 34
1426080944492 37
1426081004632 34
1426081064769 37
1426081124908 39
1426081185043 46
1426081245192 40
1426081305330 43
1426081365477 47
1426081425649 46
1426081485796 38
1426081545940 39
1426081606087 32
1426081666227 40
1426081726369 54
1426081786546 32
1426081846689 34
1426081906825 32
1426081967002 30
1426082027139 45
1426082087298 34
1426082147434 33
1426082207565 33
1426082267716 32
1426082327852 33
1426082387994 35
1426082448131 54
1426082508319 36
1426082568470 37
1426082628614 40
1426082688757 44
1426082748914 33
1426082809052 40
1426082869208 34
1426082929347 31
1426082989475 37
1426083049620 36
1426083109758 48
1426083169909 31
1426083230045 40
1426083290186 29
1426083350315 31
1426083410452 37
1426083470603 36
1426083530753 33
1426083590902 39
1426083651045 40
1426083711188 40
1426083771338 33
1426083831482 42
1426083891630 31
1426083951782 52
1426084011943 39
1426084072099 37
1426084132245 34
1426084192383 36
1426084252534 33
1426084312676 42
1426084372824 30
1426084432958 38
1426084493099 36
1426084553246 33
1426084613391 37
1426084673539 32
1426084733679 36
1426084793820 33
1426084853964 34
1426084914106 39
1426084974252 49
1426085034406 58
1426085094568 34
1426085154777 33
1426085214945 35
1426085275083 33
1426085335230 36
1426085395374 33
1426085455507 31
1426085515648 43
1426085575808 34
1426085635948 62
1426085696140 34
1426085756280 34
1426085816438 29
1426085876566 34
1426085936712 38
1426085996851 33
1426086057002 36
1426086117155 35
1426086177310 36
1426086237457 34
1426086297614 35
1426086357752 39
1426086417888 37
1426086478032 37
1426086538174 40
1426086598311 43
1426086658458 45
1426086718607 46
1426086778756 33
1426086838908 36
1426086899053 34
1426086959191 32
1426087019333 32
1426087079474 36
1426087139616 42
1426087199765 39
1426087259919 34
1426087320055 46
1426087380222 34
1426087440363 44
1426087500504 42
1426087560667 42
1426087620810 34
1426087680956 42
1426087741104 35
1426087801256 34
1426087861383 46
1426087921538 32
1426087981683 39
1426088041865 36
1426088102012 43
1426088162164 51
1426088222339 42
1426088282490 84
1426088342697 34
1426088402840 43
1426088463000 33
1426088523146 32
1426088583294 36
1426088643446 32
1426088703582 38
1426088763740 37
1426088823878 33
1426088884025 39
1426088944181 39
1426089004328 30
1426089064466 39
1426089124617 40
1426089184765 42
1426089244916 37
1426089305074 36
1426089365216 37
1426089425402 40
1426089485544 37
1426089545696 34
1426089605835 30
1426089665973 45
1426089726127 39
1426089786274 36
1426089846403 32
1426089906538 39
1426089966680 33
1426090026818 34
1426090086961 37
1426090147105 32
1426090207239 43
1426090267406 37
1426090327549 33
1426090387689 40
1426090447835 41
1426090507991 45
1426090568146 39
1426090628301 34
1426090688437 35
1426090748584 31
1426090808733 43
1426090868879 35
1426090929022 51
1426090989181 32
1426091049316 33
1426091109457 48
1426091169628 35
1426091229767 29
1426091289904 39
1426091350052 41
1426091410203 36
1426091470346 30
1426091530479 41
1426091590623 36
1426091650765 49
1426091710918 32
1426091771057 29
1426091831196 50
1426091891354 32
1426091951497 37
1426092011636 34
1426092071779 36
1426092131925 37
1426092192075 36
1426092252224 31
1426092312366 34
1426092372503 36
1426092432646 33
1426092492785 38
1426092552931 45
1426092613089 36
1426092673235 29
1426092733377 36
1426092793522 36
1426092853663 41
1426092913808 33
1426092973953 35
1426093034094 37
1426093094243 36
1426093154388 47
1426093214559 34
1426093274701 39
1426093334846 34
1426093395003 45
1426093455155 37
1426093515302 39
1426093575447 35
1426093635590 37
1426093695748 36
1426093755893 35
1426093816043 32
1426093876179 38
1426093936331 43
1426093996479 40
1426094056621 33
1426094116777 32
1426094176916 38
1426094237063 44
1426094297208 46
1426094357370 32
1426094417502 40
1426094477652 41
1426094537803 33
1426094597950 36
1426094658136 34
1426094718268 34
1426094778405 42
1426094838548 30
1426094898682 35
1426094958814 29
1426095018967 31
1426095079105 47
1426095139266 39
1426095199408 32
1426095259545 36
1426095319687 37
1426095379828 42
1426095439972 33
1426095500118 48
1426095560283 32
1426095620418 29
1426095680552 44
1426095740702 36
1426095800839 39
1426095860981 33
1426095921117 31
1426095981260 39
1426096041399 34
1426096101542 38
1426096161678 64
1426096221845 38
1426096281987 31
1426096342131 46
1426096402293 45
1426096462448 34
1426096522595 32
1426096582725 33
1426096642866 33
1426096703004 37
1426096763142 53
1426096823302 66
1426096883478 32
1426096943612 42
1426097003758 31
1426097063888 46
1426097124042 33
1426097184186 53
1426097244338 32
1426097304468 38
1426097364608 31
1426097424749 31
1426097484881 48
1426097545042 42
1426097605187 39
1426097665329 35
1426097725465 38
1426097785614 38
1426097845776 37
1426097905918 34
1426097966053 40
1426098026193 48
1426098086355 30
1426098146489 36
1426098206628 36
1426098266780 39
1426098326925 40
1426098387071 34
1426098447218 29
1426098507350 33
1426098567488 31
1426098627632 37
1426098687783 43
1426098747954 39
1426098808100 34
1426098868259 33
1426098928395 32
1426098988539 39
1426099048680 38
1426099108825 53
1426099168980 75
1426099229160 38
1426099289296 41
1426099349441 34
1426099409594 42
1426099469733 37
1426099529883 30
1426099590018 34
1426099650155 36
1426099710302 33
1426099770437 35
1426099830580 34
1426099890719 28
1426099950854 32
1426100010989 37
1426100071126 41
1426100131269 42
1426100191412 45
1426100251558 39
1426100311697 36
1426100371836 40
1426100431982 30
1426100492115 39
1426100552255 46
1426100612408 28
1426100672536 31
1426100732672 36
1426100792824 53
1426100852991 51
1426100913156 54
1426100973316 42
1426101033457 31
1426101093597 36
1426101153743 89
1426101213971 44
1426101274114 36
1426101334250 30
1426101394380 57
1426101454546 42
1426101514704 38
1426101574865 37
1426101635016 35
1426101695152 41
1426101755301 38
1426101815451 32
1426101875592 38
1426101935761 88
1426101996042 37
1426102056187 138
1426102116430 39
1426102176575 55
1426102236741 36
1426102296900 42
1426102357051 34
1426102417185 38
1426102477330 40
1426102537478 36
1426102597622 44
1426102657771 31
1426102717905 36
1426102778040 38
1426102838178 54
1426102898351 34
1426102958497 56
1426103018662 34
1426103078797 34
1426103138947 36
1426103199088 34
1426103259219 39
1426103319364 54
1426103379527 44
1426103439674 36
1426103499816 38
1426103559959 40
1426103620116 34
1426103680266 37
1426103740433 32
1426103800569 40
1426103860722 29
1426103920857 40
1426103981014 34
1426104041159 36
1426104101353 34
1426104161484 49
1426104221642 37
1426104281782 46
1426104341937 34
1426104402075 30
1426104462208 40
1426104522344 37
1426104582485 30
1426104642622 37
1426104702766 32
1426104762904 41
1426104823049 38
1426104883188 43
1426104943331 36
1426105003466 67
1426105063639 42
1426105123779 39
1426105183932 38
1426105244071 42
1426105304231 41
1426105364374 43
1426105424529 35
1426105484667 40
1426105544812 34
1426105604952 46
1426105665112 46
1426105725263 36
1426105785402 32
1426105845539 35
1426105905678 40
1426105965827 35
1426106025970 31
1426106086114 33
1426106146251 31
1426106206392 33
1426106266528 34
1426106326662 36
1426106386797 31
1426106446925 37
1426106507068 33
1426106567201 36
1426106627333 43
1426106687478 32
1426106747616 44
1426106807772 34
1426106867908 55
1426106928066 27
1426106988216 40
1426107048357 38
1426107108500 31
1426107168632 33
1426107228766 33
1426107288898 38
1426107349045 32
1426107409178 39
1426107469330 37
1426107529484 32
1426107589621 34
1426107649786 35
1426107709923 41
1426107770067 32
1426107830206 41
1426107890355 36
1426107950492 34
1426108010627 36
1426108070768 32
1426108130900 31
1426108191035 47
1426108251177 34
1426108311317 40
1426108371458 29
1426108431588 49
1426108491753 39
1426108551896 30
1426108612036 44
1426108672182 38
1426108732321 35
1426108792458 33
1426108852590 37
1426108912730 66
1426108972908 35
1426109033050 34
1426109093208 40
1426109153365 31
1426109213505 38
1426109273645 37
1426109333786 34
1426109393922 41
1426109454067 31
1426109514200 34
1426109574343 35
1426109634485 34
1426109694630 36
1426109754763 34
1426109814898 28
1426109875032 41
1426109935169 34
1426109995304 38
1426110055445 36
